.	0	2	11	12	22	25	27	32	37	41	
.	0	3703613	17105010	26988934	26988992	51676643	59861038	391043465	852641968	852641988	
.	1	2	11	12	22	25	27	32	37	
.	1	163373	11728247	22367936	22367968	41980443	50729427	383881931	852641988	
.	2	2	11	12	22	25	27	32	37	
.	2	3223	11191112	22604986	24215312	43171963	50425689	123324440	852641988	
.	3	2	11	12	22	25	27	32	37	
.	3	63315	11265366	21496832	24506325	43815909	49331728	78229753	852641988	
.	4	2	11	12	22	25	27	32	37	41	
.	4	38944	10689890	19803560	22482810	41116993	45680925	62870318	852641984	852641988	
.	5	2	11	12	22	25	27	32	37	41	
.	5	33818	11315271	19666625	22077415	41755334	46560131	59240702	563225484	852641988	
.	6	2	11	12	22	25	27	32	37	41	
.	6	3419	11740323	19929261	22424550	42614707	47496020	58503522	556665037	852641988	
.	7	2	11	12	22	25	27	32	37	41	
.	7	553	11703632	20059504	22693250	42772576	47675572	58060927	554852348	852641988	
.	8	2	11	12	22	25	27	32	37	41	
.	8	13372	12547098	20283757	22846279	43918858	48897412	58742711	552451097	852641988	
.	9	2	11	12	22	25	27	32	37	41	
.	9	608	11970232	19667300	22089252	42348803	46770326	56518360	550387751	852641988	
.	10	2	11	12	22	25	27	32	37	41	
.	10	42793	12134044	19796276	22159779	42528992	46795469	56366433	549298577	852641988	
.	11	2	11	12	22	25	27	32	37	41	
.	11	422	11651032	19481707	22223158	41909207	46400455	55607638	549617927	852641988	
.	12	2	11	12	22	25	27	32	37	41	
.	12	1450	11886883	20484455	23595602	43647184	48406207	57445424	551068887	852641988	
.	13	2	11	12	22	25	27	32	37	41	
.	13	4708	11844923	19765910	23192521	42954478	47706257	56564912	550871345	852641988	
.	14	2	11	12	22	25	27	32	37	41	
.	14	29666	12414121	20651236	24301059	44950113	49865482	58663923	552317914	852641988	
.	15	2	11	12	22	25	27	32	37	41	
.	15	610	12304881	20239415	23904636	44375695	49176562	57798521	551145748	852641988	
.	16	2	11	12	22	25	27	32	37	41	
.	16	10	12362582	21490513	25500036	46248564	51575549	61045745	556723481	852641988	
.	17	2	11	12	22	25	27	32	37	41	
.	17	75	11569252	20536798	24875739	43929036	49828452	59529482	559368968	852641988	
.	18	2	11	12	22	25	27	32	37	41	
.	18	43505	12872253	21970583	26302676	47538944	53621100	63418799	561139544	852641988	
.	19	2	11	12	22	25	27	32	37	41	
.	19	75880	12785654	22775371	27468101	47873638	54646102	64604988	564365888	852641988	
.	20	2	11	12	22	25	27	32	37	41	
.	20	5342	12889872	23081452	28206587	48930866	56434328	66011718	565907527	852641988	
.	21	2	11	12	22	25	27	32	37	41	
.	21	291	12271298	22178287	27478551	47325376	55215446	65127853	568627821	852641988	
.	22	2	11	12	22	25	27	32	37	41	
.	22	24030	12392588	22395829	27739756	47732324	55666500	65365443	567520543	852641988	
.	23	2	11	12	22	25	27	32	37	41	
.	23	67739	13280323	23063262	28103379	49430083	57184422	66415367	566631672	852641988	
.	24	2	11	12	22	25	27	32	37	41	
.	24	31	13922788	24741620	29966844	53515423	61682563	71222525	569295375	852641988	
.	25	2	11	12	22	25	27	32	37	41	
.	25	24195	12911326	23325306	28650012	49192349	57306679	66510769	566973641	852641988	
.	26	2	11	12	22	25	27	32	37	41	
.	26	1455	14317532	24381684	29492098	52972168	60973545	70160456	566822700	852641988	
.	27	2	11	12	22	25	27	32	37	41	
.	27	938	13727825	23488900	28575398	50228311	57959330	66934226	564734427	852641988	
.	28	2	11	12	22	25	27	32	37	41	
.	28	29796	14185100	25064112	30475219	52666898	60704416	70051285	567274929	852641988	
.	29	2	11	12	22	25	27	32	37	41	
.	29	55	13356468	23818429	29443439	50372596	58764091	68568033	569750744	852641988	
.	30	2	11	12	22	25	27	32	37	41	
.	30	15	14652154	24852022	30034759	53643011	61404939	70577452	565638868	852641988	
.	31	2	11	12	22	25	27	32	37	41	
.	31	17903	14465034	25091948	30492553	52874934	60967017	70365744	567382531	852641988	
.	32	2	11	12	22	25	27	32	37	41	
.	32	1661	14176480	25072770	30804492	52651265	61160254	71194867	570968358	852641988	
.	33	2	11	12	22	25	27	32	37	41	
.	33	1154	16191530	26843150	32163380	58880633	66764357	76086015	566949773	852641988	
.	34	2	11	12	22	25	27	32	37	41	
.	34	14746	14567192	25327424	30915268	53046950	61382260	70987292	568578569	852641988	
.	35	2	11	12	22	25	27	32	37	41	
.	35	12384	18036537	29337898	34773144	63703763	71818667	81173021	568125057	852641988	
.	36	2	11	12	22	25	27	32	37	41	
.	36	41164	15444782	26825311	32377488	56973828	65496318	75072918	570137759	852641988	
.	37	2	11	12	22	25	27	32	37	41	
.	37	122	14516538	26511788	32492051	54299502	63228793	73279055	572668382	852641988	
.	38	2	11	12	22	25	27	32	37	41	
.	38	5698	15450138	27490597	33831940	56571702	65913775	76468977	575279204	852641988	
.	39	2	11	12	22	25	27	32	37	41	
.	39	491	15275826	27626966	34000747	56480664	65717965	76387756	576224347	852641988	
.	40	2	11	12	22	25	27	32	37	41	
.	40	4594	16671393	28194600	34084276	59701306	68554870	78792133	573938834	852641988	
.	41	2	11	12	22	25	27	32	37	41	
.	41	44902	17041841	29299881	35204777	61530607	70538655	80935354	574999179	852641988	
.	42	2	11	12	22	25	27	32	37	41	
.	42	63418	16684169	29164304	35161351	60184225	69363109	79812258	575802292	852641988	
.	43	2	11	12	22	25	27	32	37	41	
.	43	1353	16087298	28569667	34817098	58060261	67400980	77956249	575869668	852641988	
.	44	2	11	12	22	25	27	32	37	41	
.	44	21706	17265370	29713133	35777749	61958823	70966211	81371639	575025643	852641988	
.	45	2	11	12	22	25	27	32	37	41	
.	45	465	16288244	28957879	35268605	58565367	67883951	78370983	575405174	852641988	
.	46	2	11	12	22	25	27	32	37	41	
.	46	48928	17215280	30126208	36384826	61527705	70831753	81288899	575655969	852641988	
.	47	2	11	12	22	25	27	32	37	41	
.	47	61	16452292	29262546	35755439	59248507	68842529	79647027	576849439	852641988	
.	48	2	11	12	22	25	27	32	37	41	
.	48	5226	17939792	31823501	38378581	63655398	73425744	84566678	579380035	852641988	
.	49	2	11	12	22	25	27	32	37	41	
.	49	12562	17553008	31258187	37871805	62537761	72575934	83882209	581358877	852641988	
.	50	2	11	12	22	25	27	32	37	41	
.	50	16082	17739600	31148271	37741824	63065516	72848439	84146928	579002245	852641988	
.	51	2	11	12	22	25	27	32	37	41	
.	51	17029	18296103	32412729	39055796	65589389	75464376	86816639	580201215	852641988	
.	52	2	11	12	22	25	27	32	37	41	
.	52	8323	18447511	32581601	39376814	64845362	75110848	86782911	581180460	852641988	
.	53	2	11	12	22	25	27	32	37	41	
.	53	26	18361008	32465177	39383812	64928594	75117575	87802316	581480106	852641988	
.	54	2	11	12	22	25	27	32	37	41	
.	54	15589	18400694	33355510	40335288	66010419	76331236	89365672	582827632	852641988	
.	55	2	11	12	22	25	27	32	37	41	
.	55	387	18578350	32796627	39813678	65471390	75871786	88844593	581925876	852641988	
.	56	2	11	12	22	25	27	32	37	41	
.	56	24717	17981138	32377760	39701737	64584254	75255718	89136846	584838434	852641988	
.	57	2	11	12	22	25	27	32	37	41	
.	57	85	17791752	32467554	39737351	64353836	74861139	88731063	584042649	852641988	
.	58	2	11	12	22	25	27	32	37	41	
.	58	2875	19818106	34450837	41595236	70188471	80701551	94259914	583840209	852641988	
.	59	2	11	12	22	25	27	32	37	41	
.	59	801	18450082	32915000	40088809	65319807	75780571	89347615	583116806	852641988	
.	60	2	11	12	22	25	27	32	37	41	
.	60	77620	18784893	33389342	40608894	66112500	76579179	90285259	583547583	852641988	
.	61	2	11	12	22	25	27	32	37	41	
.	61	1405	21566238	36228047	43336980	74826738	85187382	98829796	583456115	852641988	
.	62	2	11	12	22	25	27	32	37	41	
.	62	32003	19910410	34136179	41135871	68570860	78704920	92094332	581624631	852641988	
.	63	2	11	12	22	25	27	32	37	41	
.	63	1854	18830262	33426839	40628722	66320057	76709406	90556617	583214883	852641988	
.	64	2	11	12	22	25	27	32	37	41	
.	64	37	20016610	35240182	42513012	70585435	80958664	94951792	583663304	852641988	
.	65	2	11	12	22	25	27	32	37	41	
.	65	61426	19714218	35540556	43168922	69770534	80662296	95463368	586354826	852641988	
.	66	2	11	12	22	25	27	32	37	41	
.	66	51886	19891698	35814386	43879211	70311237	81575534	97287641	589974085	852641988	
.	67	2	11	12	22	25	27	32	37	41	
.	67	1207	25744456	41190416	48818890	83717425	94491232	109571139	587232710	852641988	
.	68	11	12	22	25	27	32	37	41	
.	68	21924048	37591995	45178848	76844105	87648961	102366292	587448870	852641988	
.	69	11	12	22	25	27	32	37	41	
.	69	21654508	38181041	45862900	76065864	86894876	101859406	587723012	852641988	
.	70	2	11	12	22	25	27	32	37	41	
.	70	58085	21001268	37653388	45767380	73689137	84872714	101154365	589331415	852641988	
.	71	2	11	12	22	25	27	32	37	41	
.	71	6111	21166010	37474320	45545460	75216088	86218224	102580757	589649206	852641988	
.	72	11	12	22	25	27	32	37	41	
.	72	22309875	39184258	47350888	77484945	88596996	105268472	590431922	852641988	
.	73	2	11	12	22	25	27	32	37	41	
.	73	41647	22630084	40108428	48505699	79123283	90431149	107146814	591909134	852641988	
.	74	2	11	12	22	25	27	32	37	41	
.	74	28961	22162269	39060237	47355839	77857440	89293861	105516035	592481843	852641988	
.	75	2	11	12	22	25	27	32	37	41	
.	75	46	22047982	38336945	55624670	85903953	100111461	134419490	655459705	852641988	
.	76	2	11	12	22	25	27	32	37	41	
.	76	2208	22443301	39263862	51277714	82179756	93187250	117131982	616324376	852641988	
.	77	2	11	12	22	25	27	32	37	41	
.	77	27137	25486972	42372576	52769258	87947182	98383749	118118105	600782511	852641988	
.	78	2	11	12	22	25	27	32	37	41	
.	78	26912	30672457	46093653	55746572	93647154	103232882	120952937	591905327	852641988	
.	79	2	11	12	22	25	27	32	37	41	
.	79	21182	33474027	48457721	57573750	101972169	110748479	127037466	586250283	852641988	
.	80	2	11	12	22	25	27	32	37	41	
.	80	251	24615744	41512375	51517655	83694659	92817463	107721573	584772268	852641988	
.	81	2	11	12	22	25	27	32	37	41	
.	81	37280	23755383	41240877	51304013	80553952	88721993	102710210	582054436	852641988	
.	82	2	11	12	22	25	27	32	37	41	
.	82	2639	23679586	41662674	51658072	80605999	88499901	102192643	581366230	852641988	
.	83	2	11	12	22	25	27	32	37	41	
.	83	40934	24039329	42413651	52550087	81778556	89613704	103355642	582073508	852641988	
.	84	2	11	12	22	25	27	32	37	41	
.	84	3591	24230328	42861484	52995500	82405863	90074032	103870097	582109059	852641988	
.	85	2	11	12	22	25	27	32	37	41	
.	85	58396	25378240	44371264	54611567	85447822	93149293	107082130	583029372	852641988	
.	86	11	12	22	25	27	32	37	41	
.	86	24581682	43900762	54376105	84250781	91872545	105874858	583450670	852641988	
.	87	2	11	12	22	25	27	32	37	41	
.	87	18497	23907419	42740226	53328704	82730965	90478276	104756795	584122803	852641988	
.	88	2	11	12	22	25	27	32	37	41	
.	88	1381	24451299	43633245	54126875	84235981	91844285	106155937	584414969	852641988	
.	89	2	11	12	22	25	27	32	37	41	
.	89	127	23954137	43397876	54007692	83709245	91416408	105854724	585220132	852641988	
.	90	2	11	12	22	25	27	32	37	41	
.	90	48391	24758695	44859126	55589830	86195943	94070880	108685631	586450601	852641988	
.	91	2	11	12	22	25	27	32	37	41	
.	91	106616	24611102	43987988	54834695	85134251	93002348	107718711	586169300	852641988	
.	92	2	11	12	22	25	27	32	37	41	
.	92	36898	24197372	43854984	54657342	84613404	92447526	107271080	586758288	852641988	
.	93	2	11	12	22	25	27	32	37	41	
.	93	31639	24031041	44146774	55063724	84902722	92805469	107713615	587542806	852641988	
.	94	2	11	12	22	25	27	32	37	41	
.	94	9890	24941500	44724730	55687353	86624051	94472294	109406130	587146878	852641988	
.	95	2	11	12	22	25	27	32	37	41	
.	95	1474	24393077	44531002	55562785	85648009	93607150	108672885	588209601	852641988	
.	96	2	11	12	22	25	27	32	37	41	
.	96	28237	24141809	44646621	55865076	85617643	93753872	109065276	589657121	852641988	
.	97	2	11	12	22	25	27	32	37	41	
.	97	819	24783562	45174305	56493217	86862748	94997470	110480897	590029796	852641988	
.	98	2	11	12	22	25	27	32	37	41	
.	98	164	24848650	45330334	56574614	87023741	95112621	110634209	589846158	852641988	
.	99	2	11	12	22	25	27	32	37	41	
.	99	42517	25129702	46272766	57759984	88406909	96642020	112323367	591594798	852641988	
.	100	2	11	12	22	25	27	32	37	41	
.	100	21461	26072883	46682363	58216236	90044474	98317117	114213263	591466653	852641988	
.	101	2	11	12	22	25	27	32	37	41	
.	101	18647	25468088	47074647	58706534	89766873	98207563	114318243	593250602	852641988	
.	102	2	11	12	22	25	27	32	37	41	
.	102	1269	25568816	47261130	59180385	90352338	98938416	115279350	594327318	852641988	
.	103	2	11	12	22	25	27	32	37	41	
.	103	46162	25761203	47952895	60036903	91253425	99876849	116398686	595645951	852641988	
.	104	2	8	11	12	22	25	27	32	37	41	
.	104	8550	90446	25697734	47611621	59896056	90953949	99769993	116619197	596399447	852641988	
.	105	2	8	11	12	22	25	27	32	37	41	
.	105	3711	88021	25815288	47930974	60210973	91380472	100054956	117151374	597055594	852641988	
.	106	2	8	11	12	22	25	27	32	37	41	
.	106	110	155132	26493612	49341521	61758897	93540908	102366635	119493776	598368511	852641988	
.	107	2	8	11	12	22	25	27	32	37	41	
.	107	18597	168868	26233457	49409068	62218361	93612565	102610492	120001706	600165728	852641988	
.	108	2	8	11	12	22	25	27	32	37	41	
.	108	35951	193430	26289232	48793790	61600309	93030810	102067540	119818289	600044190	852641988	
.	109	2	8	11	12	22	25	27	32	37	41	
.	109	16533	245833	26178223	48934455	61553841	92772430	101729187	119591062	600086495	852641988	
.	110	2	8	11	12	22	25	27	32	37	41	
.	110	360	284112	27056535	50222170	62868878	94956966	104068689	122093362	600799368	852641988	
.	111	2	8	11	12	22	25	27	32	37	41	
.	111	34237	320704	27015700	50122090	62901326	94809496	103911720	121991749	601231890	852641988	
.	112	2	8	11	12	22	25	27	32	37	41	
.	112	321	226999	27456788	51734519	64855789	97315716	106595767	124889330	604070010	852641988	
.	113	2	8	11	12	22	25	27	32	37	41	
.	113	30402	318669	28319603	52354611	65658009	98887727	108448444	127145463	605154007	852641988	
.	114	2	8	11	12	22	25	27	32	37	41	
.	114	27806	327096	28298864	52414053	65809873	99119087	108613067	127445864	606103674	852641988	
.	115	2	8	11	12	22	25	27	32	37	41	
.	115	80	371477	27764881	51937117	65430346	97952738	107447126	126299184	606825614	852641988	
.	116	2	8	11	12	22	25	27	32	37	41	
.	116	566	512605	28727279	52858213	66328911	99693302	109223631	128114360	607165941	852641988	
.	117	2	8	11	12	22	25	27	32	37	41	
.	117	2343	521219	29027055	53388112	66963672	100604070	110206983	129126617	608119540	852641988	
.	118	2	8	11	12	22	25	27	32	37	41	
.	118	30	517273	28291172	53077590	66652902	99434281	109153276	128137073	608852869	852641988	
.	119	2	8	11	12	22	25	27	32	37	41	
.	119	36119	563972	28031378	52896443	66597668	99224128	109144501	128156329	609646922	852641988	
.	120	2	8	11	12	22	25	27	32	37	41	
.	120	88	692814	28443939	53558496	67221516	99987004	110013973	129183999	610791763	852641988	
.	121	2	8	11	12	22	25	27	32	37	41	
.	121	65992	743612	28857797	55184605	69252119	102317257	112650328	132085139	613824061	852641988	
.	122	2	8	11	12	22	25	27	32	37	41	
.	122	3614	844979	29689949	55972892	70362465	104181895	114875757	134656630	615437701	852641988	
.	123	2	8	11	12	22	25	27	32	37	41	
.	123	67539	984460	30562733	56884816	71318132	105782188	116588798	136560808	616563883	852641988	
.	124	2	8	11	12	22	25	27	32	37	41	
.	124	2284	932184	31652606	58680914	73194506	108807688	119705580	139688744	617521980	852641988	
.	125	2	8	11	12	22	25	27	32	37	41	
.	125	1040	1043068	31768988	58256369	72940466	108543158	119494478	139506895	618276101	852641988	
.	126	2	8	11	12	22	25	27	32	37	41	
.	126	8654	1206446	31524941	58324573	73125523	108280331	119348868	139575252	620082063	852641988	
.	127	2	8	11	12	22	25	27	32	37	41	
.	127	25674	1452343	31521347	58720328	73681373	108724613	119735687	140181166	622177140	852641988	
.	128	2	8	11	12	22	25	27	32	37	41	
.	128	121	1294301	31954581	59443151	74702699	110110209	121430544	141942243	624046086	852641988	
.	129	2	8	11	12	22	25	27	32	37	41	
.	129	1168	1623928	31863663	59556448	74562604	109485132	120815701	141704878	624582969	852641988	
.	130	2	8	11	12	22	25	27	32	37	41	
.	130	130	1650095	32990539	61676953	76594532	112656021	123854374	144725852	626584737	852641988	
.	131	2	8	11	12	22	25	27	32	37	41	
.	131	68255	2173822	33297582	61522777	76992663	112772389	124243371	145820353	628443247	852641988	
.	132	2	8	11	12	22	25	27	32	37	41	
.	132	1457	2192595	33476694	62102354	77426622	113430901	124845645	146636038	629234707	852641988	
.	133	2	8	11	12	22	25	27	32	37	41	
.	133	182	2239024	34163436	63599416	78850274	115493301	127166231	148881638	630347554	852641988	
.	134	2	8	11	12	22	25	27	32	37	41	
.	134	5	2454815	34480444	63637753	79081665	115711822	127805797	149416602	630651401	852641988	
.	135	2	8	11	12	22	25	27	32	37	41	
.	135	239	2418891	33803745	63478806	78956489	114982231	127491735	148631304	631724615	852641988	
.	136	2	8	11	12	22	25	27	32	37	41	
.	136	12691	3288351	35090133	63863263	79628732	115996683	128908130	150811874	632982012	852641988	
.	137	2	8	11	12	22	25	27	32	37	41	
.	137	75311	3376624	34752265	64443268	80285597	116319264	129527958	151625263	635071104	852641988	
.	138	2	8	11	12	22	25	27	32	37	41	
.	138	37232	3584076	36615723	66505230	82781394	120669511	134214942	156710707	637270300	852641988	
.	139	2	8	11	12	22	25	27	32	37	41	
.	139	574	4276127	37547655	67349037	83608810	121433430	135479822	158245605	638528142	852641988	
.	140	2	8	11	12	22	25	27	32	37	41	
.	140	51833	4113174	36591752	66673724	83084973	120043778	134557793	157047544	639541986	852641988	
.	141	2	8	11	12	22	25	27	32	37	41	
.	141	25694	4521919	36200847	66258900	82765897	119005468	133595255	156652345	640693044	852641988	
.	142	2	8	11	12	22	25	27	32	37	41	
.	142	202	4547316	36861623	67255305	83755141	120719660	135545506	158597372	641533957	852641988	
.	143	2	8	11	12	22	25	27	32	37	41	
.	143	19938	4449443	38397875	69882007	86245152	124661981	139653139	162776648	643251428	852641988	
.	144	2	8	11	12	22	25	27	32	37	41	
.	144	4914	4720134	38006999	70122199	86206796	123930987	139106412	162399273	644291379	852641988	
.	145	2	8	11	12	22	25	27	32	37	41	
.	145	43414	4932643	37592142	69897702	85921456	123106446	138304010	161934958	645268198	852641988	
.	146	2	8	11	12	22	25	27	32	37	41	
.	146	14065	4883568	38691260	71637539	88179979	126224100	141988570	165848309	646832492	852641988	
.	147	2	8	11	12	22	25	27	32	37	41	
.	147	84	4899825	38436193	72313998	88583995	126401571	142475436	166501952	648440351	852641988	
.	148	2	8	11	12	22	25	27	32	37	41	
.	148	209	5086981	39943344	74935074	90422170	129356406	145511769	169645818	649072254	852641988	
.	149	2	8	11	12	22	25	27	32	37	41	
.	149	39660	5284115	40875775	75964893	91752921	131363862	147921822	172227951	650228385	852641988	
.	150	2	8	11	12	22	25	27	32	37	41	
.	150	80790	7843082	49915245	101228291	125670330	172073631	198832880	235300772	714562907	852641988	
A	0	11	12	22	25	27	32	37	41	
A	0	2637357	5154326	5154337	10140825	12364586	109917397	250717684	250717690	
A	1	11	12	22	25	27	32	37	
A	1	3084163	5523190	5523196	11290157	13520303	102773681	226169338	
A	2	11	12	22	25	27	32	37	
A	2	3044525	5930304	6368053	12112350	14126466	33902831	240498524	
A	3	11	12	22	25	27	32	37	
A	3	3034943	5346379	6052218	11955051	13322123	20391767	230369204	
A	4	11	12	22	25	27	32	37	41	
A	4	3321663	5842883	6643736	13299567	14674167	19849021	271555190	271555192	
A	5	11	12	22	25	27	32	37	41	
A	5	3963890	6446864	7170755	15209442	16736045	20738946	203346319	311108286	
A	6	11	12	22	25	27	32	37	41	
A	6	3120815	5075871	5661610	11779184	13008319	15628146	150522514	228519065	
A	7	11	12	22	25	27	32	37	41	
A	7	3405066	5576124	6240538	12962634	14306769	16995576	161145263	247838945	
A	8	11	12	22	25	27	32	37	41	
A	8	3454425	5253908	5817246	12357393	13595123	15915288	147348013	230038341	
A	9	11	12	22	25	27	32	37	41	
A	9	3503011	5411234	6004287	12711313	13893056	16381382	158830458	248648351	
A	10	11	12	22	25	27	32	37	41	
A	10	3515126	5401409	5970638	12661075	13787236	16219467	159634724	249912381	
A	11	11	12	22	25	27	32	37	41	
A	11	3370083	5332493	6005287	12508981	13727814	16121497	162131491	252803168	
A	12	11	12	22	25	27	32	37	41	
A	12	3455235	5663806	6419667	13089377	14378007	16701079	162422243	252673704	
A	13	11	12	22	25	27	32	37	41	
A	13	3451182	5417475	6238189	12767303	14033216	16272901	161446328	251958565	
A	14	11	12	22	25	27	32	37	41	
A	14	3572861	5619828	6504011	13260186	14581262	16857866	161464954	250387421	
A	15	11	12	22	25	27	32	37	41	
A	15	3596616	5552933	6428760	13196081	14459297	16651987	160503724	249559447	
A	16	11	12	22	25	27	32	37	41	
A	16	3768848	6869600	8230464	15640313	17784336	21145483	192969683	279520771	
A	17	11	12	22	25	27	32	37	41	
A	17	3308446	5325142	6178193	12295314	13558729	15586849	153241775	241995071	
A	18	11	12	22	25	27	32	37	41	
A	18	3933233	7034656	8484699	16006845	18453497	21960778	194749477	280428282	
A	19	11	12	22	25	27	32	37	41	
A	19	3636792	5796362	6793016	13236086	14834308	17182042	154336298	240110702	
A	20	11	12	22	25	27	32	37	41	
A	20	3745325	5814636	6736475	13425484	14989629	16888142	152544693	239961028	
A	21	11	12	22	25	27	32	37	41	
A	21	3478573	5515901	6447366	12725131	14346518	16212266	151996215	238082211	
A	22	11	12	22	25	27	32	37	41	
A	22	3531461	5607094	6543624	12916618	14566991	16412832	153431841	240513758	
A	23	11	12	22	25	27	32	37	41	
A	23	4024800	7323323	8909779	16213425	19163836	22592924	197533172	281428531	
A	24	11	12	22	25	27	32	37	41	
A	24	4371547	8295589	10107976	19024207	22316985	26134699	198118074	278660336	
A	25	11	12	22	25	27	32	37	41	
A	25	3687964	6001764	7005811	13538074	15381852	17283864	154634796	240903058	
A	26	11	12	22	25	27	32	37	41	
A	26	4409730	7661800	9221831	17695929	20596945	23847736	195847972	280731104	
A	27	11	12	22	25	27	32	37	41	
A	27	3958933	6122611	7122334	14005087	15790159	17691581	154959001	242457617	
A	28	11	12	22	25	27	32	37	41	
A	28	4007550	6371124	7420033	14390003	16220868	18188885	154656874	241198321	
A	29	11	12	22	25	27	32	37	41	
A	29	3798095	6018372	7060833	13641230	15514414	17482193	154921019	241029314	
A	30	11	12	22	25	27	32	37	41	
A	30	4084983	6510833	7654483	14621783	16646515	18901832	155980133	240543257	
A	31	11	12	22	25	27	32	37	41	
A	31	3980719	6259849	7294186	14080172	15915397	17904783	154438158	240637882	
A	32	11	12	22	25	27	32	37	41	
A	32	4023156	6318037	7362063	14209335	16070198	18053428	155182073	241430389	
A	33	11	12	22	25	27	32	37	41	
A	33	4012385	6596588	7771900	14449035	16518424	18797378	157261950	242073901	
A	34	11	12	22	25	27	32	37	41	
A	34	4085710	6339411	7342781	14193736	15999845	17893663	153397699	239725958	
A	35	11	12	22	25	27	32	37	41	
A	35	4323585	7077320	8284695	15236035	17343526	19642609	158817614	243848713	
A	36	11	12	22	25	27	32	37	41	
A	36	5037637	8781423	10492232	20162389	23212029	26570713	197092180	281001140	
A	37	11	12	22	25	27	32	37	41	
A	37	4195693	6837986	7950643	14853685	16846740	18879871	157048799	243403163	
A	38	11	12	22	25	27	32	37	41	
A	38	4485357	6888605	7978306	15207869	17184340	19215905	155476814	240872476	
A	39	11	12	22	25	27	32	37	41	
A	39	4391457	6994725	8127891	15229911	17229182	19343632	156439164	241075123	
A	40	11	12	22	25	27	32	37	41	
A	40	5492963	9076286	10742748	20516450	23565771	26921464	196123635	279050741	
A	41	11	12	22	25	27	32	37	41	
A	41	5756932	9990963	11908982	22362142	25761699	29595004	199584444	279965918	
A	42	11	12	22	25	27	32	37	41	
A	42	5331559	9636773	11591273	20875332	24323509	28164662	200025094	280760463	
A	43	11	12	22	25	27	32	37	41	
A	43	4661870	7374366	8570147	15987289	18108946	20352131	158782958	243943759	
A	44	11	12	22	25	27	32	37	41	
A	44	5609419	9561890	11343237	21263318	24400488	27888698	196410238	278652012	
A	45	11	12	22	25	27	32	37	41	
A	45	4692418	7493159	8703699	16022827	18138539	20363231	157047252	241410201	
A	46	11	12	22	25	27	32	37	41	
A	46	4914634	7989543	9383245	17060214	19492379	22115539	159424695	241512001	
A	47	11	12	22	25	27	32	37	41	
A	47	4738938	7445231	8642968	16060364	18162829	20395271	157186896	241819966	
A	48	11	12	22	25	27	32	37	41	
A	48	5261562	8310862	9669170	17688727	20049747	22645765	159036388	241244530	
A	49	11	12	22	25	27	32	37	41	
A	49	5565146	10304939	12421428	20948269	24662482	28765954	199509044	277525703	
A	50	11	12	22	25	27	32	37	41	
A	50	4958955	7984601	9299955	17008850	19303237	21811268	159167971	242019592	
A	51	11	12	22	25	27	32	37	41	
A	51	5784790	10362598	12335373	21816288	25281025	29116205	197745723	277431794	
A	52	11	12	22	25	27	32	37	41	
A	52	5413358	8549957	9979847	18056271	20589561	23336808	160003133	241824206	
A	53	11	12	22	25	27	32	37	41	
A	53	5497826	8566801	9926739	18248125	20616080	23386305	158654627	241199626	
A	54	11	12	22	25	27	32	37	41	
A	54	5363335	8843545	10376099	18414707	21028576	24151135	160614295	241106087	
A	55	11	12	22	25	27	32	37	41	
A	55	5574344	8704053	10100392	18435065	20911469	23795809	159232636	241408793	
A	56	11	12	22	25	27	32	37	41	
A	56	5204618	8291194	9669740	17472474	19862249	22714685	158425107	240327184	
A	57	11	12	22	25	27	32	37	41	
A	57	5168117	8407594	9789584	17525002	19919578	22826651	159807107	242674891	
A	58	11	12	22	25	27	32	37	41	
A	58	5523239	9006586	10576715	18739704	21489470	24774766	161713568	241999086	
A	59	11	12	22	25	27	32	37	41	
A	59	5358083	8536393	9916362	17875067	20262944	23147852	159450714	242402001	
A	60	11	12	22	25	27	32	37	41	
A	60	5390432	8564415	9943633	17941844	20331537	23236818	159089963	241390307	
A	61	11	12	22	25	27	32	37	41	
A	61	5385493	8955829	10543215	18355172	21082347	24434021	161554896	241067401	
A	62	11	12	22	25	27	32	37	41	
A	62	5467104	8804495	10295385	18259069	20812905	24009721	160318520	241225511	
A	63	11	12	22	25	27	32	37	41	
A	63	5436127	8702569	10130794	18113500	20548636	23577726	158236289	239287003	
A	64	11	12	22	25	27	32	37	41	
A	64	5241908	8766943	10282634	17714895	20269920	23518902	159538464	239841774	
A	65	11	12	22	25	27	32	37	41	
A	65	5293124	8836164	10409255	17940797	20609709	24110390	160679391	240909973	
A	66	11	12	22	25	27	32	37	41	
A	66	5668291	9146353	10698718	18860328	21445177	24832925	160116556	240427925	
A	67	11	12	22	25	27	32	37	41	
A	67	6016197	9857839	11601309	19878631	22794485	26602639	165184605	244239237	
A	68	11	12	22	25	27	32	37	41	
A	68	8342122	13183904	15397119	29449770	33072382	37781903	200053121	278491151	
A	69	11	12	22	25	27	32	37	41	
A	69	5683464	9655526	11362748	19289649	22081387	25769889	162218559	240722603	
A	70	11	12	22	25	27	32	37	41	
A	70	5970005	9675879	11316925	19696171	22376875	26172122	161661885	241316907	
A	71	11	12	22	25	27	32	37	41	
A	71	7250652	12333446	14650936	26262567	30001205	35172642	199237652	276132402	
A	72	11	12	22	25	27	32	37	41	
A	72	6118545	10071183	11884672	20230623	23088799	27240147	163454448	241795939	
A	73	11	12	22	25	27	32	37	41	
A	73	6418902	10468157	12307711	21111536	23957251	28007194	163416461	241658177	
A	74	11	12	22	25	27	32	37	41	
A	74	7596385	12947909	15341139	27379471	31263937	36381905	200703601	276595052	
A	75	11	12	22	25	27	32	37	41	
A	75	7619331	12806302	16645594	28737229	32316223	39283038	208493639	278077461	
A	76	11	12	22	25	27	32	37	41	
A	76	8027223	13644689	17108201	29842728	33645569	40780621	207418957	277794842	
A	77	11	12	22	25	27	32	37	41	
A	77	11279969	16880625	19966755	37559575	41320782	47698292	205684646	279086920	
A	78	11	12	22	25	27	32	37	41	
A	78	16092424	21089210	23923586	44380336	47807109	53497656	201717831	277991542	
A	79	11	12	22	25	27	32	37	41	
A	79	9671734	14338515	16975589	31469809	34495248	39615518	167269440	246082908	
A	80	11	12	22	25	27	32	37	41	
A	80	6793068	12366277	15719309	25336753	28630422	32708137	164981173	244598892	
A	81	11	12	22	25	27	32	37	41	
A	81	6363346	12079269	15325076	24090775	26779492	30509323	164050150	244528154	
A	82	11	12	22	25	27	32	37	41	
A	82	6341681	12058528	15146632	23863349	26356324	30038674	164774761	246131746	
A	83	11	12	22	25	27	32	37	41	
A	83	6397017	12143110	15155212	23873833	26244694	29887054	163153579	243593517	
A	84	11	12	22	25	27	32	37	41	
A	84	6471106	11966607	14731389	23477002	25688240	29335932	162498794	242977655	
A	85	11	12	22	25	27	32	37	41	
A	85	6837250	12477003	15270327	24471306	26697047	30393726	162834054	242799523	
A	86	11	12	22	25	27	32	37	41	
A	86	6666114	12203120	14941723	23875769	26040305	29746503	162480152	242313870	
A	87	11	12	22	25	27	32	37	41	
A	87	6560720	11873080	14627390	23487559	25695496	29506044	162866941	242427573	
A	88	11	12	22	25	27	32	37	41	
A	88	6827416	12201244	14914640	24085328	26234289	30041381	162562103	242103195	
A	89	11	12	22	25	27	32	37	41	
A	89	6835357	12163550	14861954	23982958	26144961	29966750	161852130	240807888	
A	90	11	12	22	25	27	32	37	41	
A	90	7215940	12733767	15435605	24962930	27176285	31065099	162495784	241176489	
A	91	11	12	22	25	27	32	37	41	
A	91	7151008	12407726	15140873	24594952	26807552	30726714	162669534	241680025	
A	92	11	12	22	25	27	32	37	41	
A	92	7126095	12378829	15082499	24499711	26707112	30686279	163143280	242048994	
A	93	11	12	22	25	27	32	37	41	
A	93	7137310	12468040	15174446	24600515	26830271	30842570	163186873	241753972	
A	94	11	12	22	25	27	32	37	41	
A	94	7362218	12503417	15184843	24870963	27051331	31017540	161894230	240250198	
A	95	11	12	22	25	27	32	37	41	
A	95	7230550	12474941	15176540	24660828	26898547	30936623	163089740	241298115	
A	96	11	12	22	25	27	32	37	41	
A	96	7111991	12436193	15175739	24538048	26817100	30912415	163345692	241190317	
A	97	11	12	22	25	27	32	37	41	
A	97	7308271	12605798	15386623	24947762	27242312	31422499	164066091	242013758	
A	98	11	12	22	25	27	32	37	41	
A	98	7363703	12634587	15370213	24979392	27249685	31417723	163232358	240956793	
A	99	11	12	22	25	27	32	37	41	
A	99	7413676	12844458	15625781	25237961	27542652	31749487	163129327	240078009	
A	100	11	12	22	25	27	32	37	41	
A	100	7774074	13037998	15824710	25852948	28171205	32439935	163326534	240337912	
A	101	11	12	22	25	27	32	37	41	
A	101	7605265	13177574	15998441	25783331	28149378	32495238	163682068	240055459	
A	102	11	12	22	25	27	32	37	41	
A	102	7696315	13349196	16274748	26175455	28608404	33043885	164580643	240732553	
A	103	11	12	22	25	27	32	37	41	
A	103	7707569	13456080	16404845	26267527	28693757	33170418	164648002	240476620	
A	104	8	11	12	22	25	27	32	37	41	
A	104	11659	7595168	13207400	16196944	25927807	28404363	32959143	163949791	239303095	
A	105	8	11	12	22	25	27	32	37	41	
A	105	12098	7681496	13420083	16438012	26297983	28743117	33416611	165152263	240639658	
A	106	8	11	12	22	25	27	32	37	41	
A	106	22194	7897395	13811900	16854434	26907378	29400109	34084546	165411624	240270467	
A	107	8	11	12	22	25	27	32	37	41	
A	107	22610	7866126	14024778	17232692	27220472	29790890	34590075	167049794	241918836	
A	108	8	11	12	22	25	27	32	37	41	
A	108	23993	7903765	13830488	17018522	27044729	29616308	34514301	166421147	241151579	
A	109	8	11	12	22	25	27	32	37	41	
A	109	34161	7820028	13827690	16977421	26897423	29429726	34373792	166231068	241019174	
A	110	8	11	12	22	25	27	32	37	41	
A	110	42555	8099439	14279195	17454604	27659304	30233339	35228861	166132274	240344937	
A	111	8	11	12	22	25	27	32	37	41	
A	111	43334	8050131	14240028	17462597	27565780	30152404	35191027	166314201	240307084	
A	112	8	11	12	22	25	27	32	37	41	
A	112	33298	8201436	14751841	18077333	28353825	31012496	36136445	167626159	240971896	
A	113	8	11	12	22	25	27	32	37	41	
A	113	43836	8422838	14918014	18305396	28761703	31490073	36703181	167387306	240325738	
A	114	8	11	12	22	25	27	32	37	41	
A	114	44922	8421449	14884123	18255177	28739196	31422276	36636301	167031915	239583112	
A	115	8	11	12	22	25	27	32	37	41	
A	115	55492	8289483	14811139	18228646	28509971	31215759	36472211	167801133	240271121	
A	116	8	11	12	22	25	27	32	37	41	
A	116	77678	8614302	15138788	18557434	29157726	31871655	37142231	167934825	240305883	
A	117	8	11	12	22	25	27	32	37	41	
A	117	77497	8712864	15352221	18841025	29544911	32319198	37654415	169248884	241651871	
A	118	8	11	12	22	25	27	32	37	41	
A	118	75786	8438927	15137235	18607372	29021774	31803604	37105575	168576773	240734438	
A	119	8	11	12	22	25	27	32	37	41	
A	119	79450	8329695	15007652	18494904	28892350	31741983	37056469	168935970	240788658	
A	120	8	11	12	22	25	27	32	37	41	
A	120	100275	8459193	15164746	18624091	29044639	31916561	37262940	168616262	239971668	
A	121	8	11	12	22	25	27	32	37	41	
A	121	100826	8643153	15745043	19337301	29899916	32898953	38389042	170639827	241466118	
A	122	8	11	12	22	25	27	32	37	41	
A	122	124907	8924611	16052466	19765450	30587933	33713815	39339477	171681123	242123029	
A	123	8	11	12	22	25	27	32	37	41	
A	123	136741	9122727	16160253	19828072	30744682	33857137	39475521	170429495	240278273	
A	124	8	11	12	22	25	27	32	37	41	
A	124	137025	9484241	16674667	20346026	31614533	34735556	40338401	170449143	239928544	
A	125	8	11	12	22	25	27	32	37	41	
A	125	156128	9497833	16566651	20305097	31536630	34677875	40287076	170405333	239506357	
A	126	8	11	12	22	25	27	32	37	41	
A	126	175964	9404223	16542642	20288913	31435449	34612156	40306933	171300309	239997381	
A	127	8	11	12	22	25	27	32	37	41	
A	127	207654	9442688	16804378	20649404	31867722	35058848	40864554	172468878	240701092	
A	128	8	11	12	22	25	27	32	37	41	
A	128	195742	9559181	16873444	20752585	31994474	35253405	41041709	172207730	239796115	
A	129	8	11	12	22	25	27	32	37	41	
A	129	235800	9416011	16777756	20595081	31663562	34907835	40787402	171878033	239230875	
A	130	8	11	12	22	25	27	32	37	41	
A	130	241119	9793141	17459996	21282098	32702500	35919376	41795109	172637041	239432994	
A	131	8	11	12	22	25	27	32	37	41	
A	131	311998	9779300	17369718	21356250	32653189	35972305	42100682	173799142	240144589	
A	132	8	11	12	22	25	27	32	37	41	
A	132	319336	9878263	17589006	21568176	33048991	36362602	42573540	174426616	240635609	
A	133	8	11	12	22	25	27	32	37	41	
A	133	323978	10063180	17934795	21861037	33442851	36804867	42946466	173672895	239323684	
A	134	8	11	12	22	25	27	32	37	41	
A	134	357780	10119938	17893623	21861287	33461147	36912669	42999621	173381589	238865245	
A	135	8	11	12	22	25	27	32	37	41	
A	135	351485	9975121	17927204	21934929	33393752	36970071	42973002	174249673	239411295	
A	136	8	11	12	22	25	27	32	37	41	
A	136	475182	10238638	18029759	22111459	33708868	37399713	43632428	174703677	239481886	
A	137	8	11	12	22	25	27	32	37	41	
A	137	486720	10160673	18287857	22432413	33983861	37788738	44134506	176117642	240407492	
A	138	8	11	12	22	25	27	32	37	41	
A	138	520995	10755759	18866725	23096125	35228838	39107860	45537486	176219635	239765795	
A	139	8	11	12	22	25	27	32	37	41	
A	139	619831	10835285	18983040	23194981	35188988	39181084	45685308	175915915	238938670	
A	140	8	11	12	22	25	27	32	37	41	
A	140	593221	10592925	18789088	23051955	34848452	38972935	45406898	176546550	239265176	
A	141	8	11	12	22	25	27	32	37	41	
A	141	651487	10394860	18646289	22928598	34553078	38706288	45297988	176555101	238745906	
A	142	8	11	12	22	25	27	32	37	41	
A	142	670052	10693564	19099482	23416889	35313580	39546752	46174516	177476555	239624842	
A	143	8	11	12	22	25	27	32	37	41	
A	143	638778	11121787	19686219	23937120	36184460	40434180	47042636	176913384	238333305	
A	144	8	11	12	22	25	27	32	37	41	
A	144	680519	10923966	19683346	23895730	35909245	40222254	46891595	177312990	238409418	
A	145	8	11	12	22	25	27	32	37	41	
A	145	709696	10837848	19665321	23902383	35886552	40230288	47038537	178131968	238989010	
A	146	8	11	12	22	25	27	32	37	41	
A	146	709100	11152346	20193031	24541457	36699962	41187406	48039222	178374752	238776903	
A	147	8	11	12	22	25	27	32	37	41	
A	147	715370	11113420	20399769	24755949	36897767	41513880	48480805	179892407	239930514	
A	148	8	11	12	22	25	27	32	37	41	
A	148	740487	11578120	21139652	25304594	37796946	42432272	49416174	179651747	239392429	
A	149	8	11	12	22	25	27	32	37	41	
A	149	768662	11786438	21334732	25582965	38162751	42896785	49918606	179395265	238773534	
A	150	8	11	12	22	25	27	32	37	41	
A	150	1262783	14470323	28830466	35874799	50438636	58526321	69617008	199136937	237927965	
T	0	11	12	22	25	27	32	37	41	
T	0	3038324	6036319	6036336	11375145	13834314	86579357	181406152	181406156	
T	1	11	12	22	25	27	32	37	
T	1	3765692	7837483	7837487	14226497	17473180	115884706	252571481	
T	2	11	12	22	25	27	32	37	
T	2	3706839	7537088	8078044	14282490	16674384	39250308	238709223	
T	3	11	12	22	25	27	32	37	
T	3	3875509	7541629	8609773	15157124	17108261	26817162	253225212	
T	4	11	12	22	25	27	32	37	
T	4	3114734	5890116	6724311	11955987	13353283	18239105	204000987	
T	5	11	12	22	25	27	32	37	41	
T	5	3251599	5740109	6433855	11776787	13245722	16665172	135246475	200587243	
T	6	11	12	22	25	27	32	37	41	
T	6	4022409	6780590	7571999	14220770	15920381	19368451	158402017	240187206	
T	7	11	12	22	25	27	32	37	41	
T	7	3918562	6605404	7427115	13924821	15589030	18769919	155726009	233910000	
T	8	11	12	22	25	27	32	37	41	
T	8	4692206	7383766	8229706	16009606	17816059	21087484	174857894	264186826	
T	9	11	12	22	25	27	32	37	41	
T	9	4256247	6897248	7698786	14841779	16423283	19630380	170607091	260865053	
T	10	11	12	22	25	27	32	37	41	
T	10	4235662	6780899	7528461	14540248	16018710	19013660	160914039	247191339	
T	11	11	12	22	25	27	32	37	41	
T	11	3973774	6575697	7432932	14004611	15542421	18428386	157074883	241457889	
T	12	11	12	22	25	27	32	37	41	
T	12	4010434	6705889	7619945	14240818	15797826	18535536	155822408	238853656	
T	13	11	12	22	25	27	32	37	41	
T	13	4020104	6699431	7776652	14390039	16048910	18875943	159598164	243839391	
T	14	11	12	22	25	27	32	37	41	
T	14	4243609	7046913	8205428	15158138	16877982	19704049	159737617	243798357	
T	15	11	12	22	25	27	32	37	41	
T	15	4173956	6812389	7940595	14723289	16343707	19033991	157115117	240861959	
T	16	11	12	22	25	27	32	37	41	
T	16	4108655	6674218	7750244	14353916	15848353	18428993	148684013	231308430	
T	17	11	12	22	25	27	32	37	41	
T	17	3776959	6204895	7229996	13385621	14909059	17336309	149360112	232547024	
T	18	11	12	22	25	27	32	37	41	
T	18	4318375	6967595	8097395	15083186	16788494	19386097	151019588	233362260	
T	19	11	12	22	25	27	32	37	41	
T	19	4577203	8885945	10761897	18171168	21222216	25180173	194823136	275676786	
T	20	11	12	22	25	27	32	37	41	
T	20	4321550	7049033	8246535	15096378	17131522	19502551	151307939	232685667	
T	21	11	12	22	25	27	32	37	41	
T	21	3938860	6627006	7846403	14208245	16325873	18669427	153016766	235219786	
T	22	11	12	22	25	27	32	37	41	
T	22	3959592	6636972	7823124	14215351	16284359	18500563	152024870	234787132	
T	23	11	12	22	25	27	32	37	41	
T	23	4440793	7316261	8603752	15702966	17972610	20348526	153630626	235548475	
T	24	11	12	22	25	27	32	37	41	
T	24	4497825	7461427	8760177	15937355	18247766	20665120	154216330	235627462	
T	25	11	12	22	25	27	32	37	41	
T	25	4139640	6982634	8202867	14786087	17011341	19217695	152194763	233842138	
T	26	11	12	22	25	27	32	37	41	
T	26	4902607	7920462	9252761	17066936	19462803	21912408	153093750	233424669	
T	27	11	12	22	25	27	32	37	41	
T	27	4395588	7116323	8321984	15247500	17404204	19625552	151619201	233127733	
T	28	11	12	22	25	27	32	37	41	
T	28	4766261	7682002	8922087	16344205	18499214	20728733	151862025	233620126	
T	29	11	12	22	25	27	32	37	41	
T	29	4234593	7037152	8300697	14982757	17238990	19547028	154083142	236033870	
T	30	11	12	22	25	27	32	37	41	
T	30	5214515	9005939	10720307	19551079	22499924	25706021	189763118	271784855	
T	31	11	12	22	25	27	32	37	41	
T	31	4832435	7764407	9032948	16477557	18711031	21008114	152200382	233380834	
T	32	11	12	22	25	27	32	37	41	
T	32	4530548	7352291	8600534	15596274	17814417	20127023	153552477	234814708	
T	33	11	12	22	25	27	32	37	41	
T	33	6354731	10266519	12035680	23472938	26468701	29762231	191814264	273797925	
T	34	11	12	22	25	27	32	37	41	
T	34	4696170	7552988	8807357	15967578	18216094	20498229	154311545	236435914	
T	35	11	12	22	25	27	32	37	41	
T	35	7544120	11732616	13532009	26313957	29467545	32782116	191092601	271607055	
T	36	11	12	22	25	27	32	37	41	
T	36	4851783	8129734	9558328	16799416	19337270	21903637	153754518	232767657	
T	37	11	12	22	25	27	32	37	41	
T	37	4656534	7698485	9001401	16124953	18476932	20831018	153189681	233578124	
T	38	11	12	22	25	27	32	37	41	
T	38	4871792	7852010	9150275	16431946	18749674	21061260	154551016	236645169	
T	39	11	12	22	25	27	32	37	41	
T	39	4756581	7889133	9227918	16311809	18649786	21040524	155387903	237116376	
T	40	11	12	22	25	27	32	37	41	
T	40	5200912	8654032	10159455	17767300	20419530	23126933	154746699	232925613	
T	41	11	12	22	25	27	32	37	41	
T	41	4993433	8463191	9947995	17209695	19801840	22490810	155339798	233854582	
T	42	11	12	22	25	27	32	37	41	
T	42	5221373	8757952	10273850	17835478	20486759	23213325	154839299	232484353	
T	43	11	12	22	25	27	32	37	41	
T	43	5087051	8427497	9849612	17350930	19879853	22443448	154944127	233984374	
T	44	11	12	22	25	27	32	37	41	
T	44	5706436	9410035	10992304	19438942	22142823	24951783	156277550	234354005	
T	45	11	12	22	25	27	32	37	41	
T	45	5131316	8520482	9964514	17469531	19991059	22552957	155216965	234327276	
T	46	11	12	22	25	27	32	37	41	
T	46	5918259	10720311	12741805	21730601	25235889	28826253	192406081	270366814	
T	47	11	12	22	25	27	32	37	41	
T	47	5193934	8625381	10110857	17663441	20279845	22935696	157539604	237179139	
T	48	11	12	22	25	27	32	37	41	
T	48	6262989	12003126	14367642	23294037	27355236	31596733	197278853	271801939	
T	49	11	12	22	25	27	32	37	41	
T	49	5551386	9392998	11042538	18904212	21790878	24717327	157464596	234408183	
T	50	11	12	22	25	27	32	37	41	
T	50	5827292	9514329	11081508	19500453	22253705	25130982	155658024	232702336	
T	51	11	12	22	25	27	32	37	41	
T	51	6004151	10055056	11735217	20369676	23248997	26246753	157961488	234843364	
T	52	11	12	22	25	27	32	37	41	
T	52	6348219	12126074	14541538	23349209	27540498	31903441	196572824	269943116	
T	53	11	12	22	25	27	32	37	41	
T	53	5882961	9819995	11495509	19727909	22637279	25811303	158638709	235602368	
T	54	11	12	22	25	27	32	37	41	
T	54	6272230	12083832	14474270	23378902	27488438	32086651	196787335	270774481	
T	55	11	12	22	25	27	32	37	41	
T	55	5917725	9931111	11645206	19890372	22900752	26199673	157748683	234085131	
T	56	11	12	22	25	27	32	37	41	
T	56	5535769	9349204	11014690	18891264	21791739	25094905	157683025	234521865	
T	57	11	12	22	25	27	32	37	41	
T	57	5463148	9327591	10953006	18722671	21515812	24765705	157727182	235067067	
T	58	11	12	22	25	27	32	37	41	
T	58	6959838	12364182	14634588	25408852	29276434	33661478	195093275	270811923	
T	59	11	12	22	25	27	32	37	41	
T	59	5745846	9699624	11392262	19400707	22333905	25697562	158025240	234705267	
T	60	11	12	22	25	27	32	37	41	
T	60	5821787	9758437	11414183	19474094	22313469	25612547	157581825	234610400	
T	61	11	12	22	25	27	32	37	41	
T	61	8607720	13809266	16007685	29608963	33305726	37612050	193602412	270172294	
T	62	11	12	22	25	27	32	37	41	
T	62	6410880	10651487	12455621	21208322	24257996	27827649	159037140	234785250	
T	63	11	12	22	25	27	32	37	41	
T	63	5763364	9817380	11543374	19608216	22551410	26079434	158384442	234848749	
T	64	11	12	22	25	27	32	37	41	
T	64	6342723	10668897	12450707	21101378	24071312	27630942	159328545	235957327	
T	65	11	12	22	25	27	32	37	41	
T	65	6278298	10609638	12422512	20877555	23916364	27658927	158625265	234116127	
T	66	11	12	22	25	27	32	37	41	
T	66	6184983	10405322	12247100	20618371	23681565	27552478	160056485	235463290	
T	67	11	12	22	25	27	32	37	41	
T	67	11054892	16420089	18754541	33636357	37405000	42168446	194000445	269223209	
T	68	11	12	22	25	27	32	37	41	
T	68	6173325	10803560	12768943	20916628	24130869	28056058	160551230	234718645	
T	69	11	12	22	25	27	32	37	41	
T	69	8071027	14042778	16513092	28586253	32572169	37567436	197105512	271476915	
T	70	11	12	22	25	27	32	37	41	
T	70	6569694	11161440	13117289	21885514	25040351	29273227	159491404	234125019	
T	71	11	12	22	25	27	32	37	41	
T	71	6134313	10932774	13053167	21286446	24584567	29089779	162091780	235695463	
T	72	11	12	22	25	27	32	37	41	
T	72	7868473	14189244	16834085	28212967	32393394	38012817	198473190	271138554	
T	73	11	12	22	25	27	32	37	41	
T	73	7823713	14474996	17262415	28496219	32826308	38558301	198999526	270797793	
T	74	11	12	22	25	27	32	37	41	
T	74	6641590	11594817	13778895	22435660	25872647	30336423	162251359	235253341	
T	75	11	12	22	25	27	32	37	41	
T	75	6709590	11344033	15675576	24461409	28950704	38576684	179017419	232788418	
T	76	11	12	22	25	27	32	37	41	
T	76	6579139	11248232	14359359	22892541	26103806	32569275	167587576	234185879	
T	77	11	12	22	25	27	32	37	41	
T	77	6646315	11283888	13960311	22367657	25352515	30651282	162834798	234028457	
T	78	11	12	22	25	27	32	37	41	
T	78	6729060	11102178	13643749	22065223	24853486	29688609	160838112	234181093	
T	79	11	12	22	25	27	32	37	41	
T	79	5560097	9875542	12322541	19080736	21672456	26200661	159960711	234639253	
T	80	11	12	22	25	27	32	37	41	
T	80	5964937	10507751	12985688	20565373	23137557	27522787	158267519	232553619	
T	81	11	12	22	25	27	32	37	41	
T	81	6647949	11244082	13784364	22145909	24547482	28736969	158391236	233602806	
T	82	11	12	22	25	27	32	37	41	
T	82	6978712	11725381	14283023	23036334	25399089	29505657	158262799	233417940	
T	83	11	12	22	25	27	32	37	41	
T	83	7359041	12235926	14875231	24042391	26441383	30597497	159736823	235129611	
T	84	11	12	22	25	27	32	37	41	
T	84	7515536	12497889	15200309	24497717	26901199	31094625	159774520	235076667	
T	85	11	12	22	25	27	32	37	41	
T	85	7818498	12883266	15587131	25224755	27621313	31813225	159453393	234468340	
T	86	11	12	22	25	27	32	37	41	
T	86	7565491	12749130	15529264	24895541	27287102	31486107	159507844	234334059	
T	87	11	12	22	25	27	32	37	41	
T	87	7291865	12450684	15290025	24469305	26913449	31207246	160173457	234970331	
T	88	11	12	22	25	27	32	37	41	
T	88	7359137	12658092	15488563	24732504	27136192	31439796	160327113	235144690	
T	89	11	12	22	25	27	32	37	41	
T	89	7018137	12374552	15245910	24159414	26618393	31001875	161107408	235891964	
T	90	11	12	22	25	27	32	37	41	
T	90	7054356	12517511	15377182	24299155	26780141	31140968	160115999	234344139	
T	91	11	12	22	25	27	32	37	41	
T	91	6935525	12279472	15187882	23977619	26464381	30857800	160197033	234410692	
T	92	11	12	22	25	27	32	37	41	
T	92	6920471	12386145	15293288	24078125	26557563	30987110	160629574	234729485	
T	93	11	12	22	25	27	32	37	41	
T	93	6839872	12439041	15382989	24091870	26577067	31036917	160620450	234535217	
T	94	11	12	22	25	27	32	37	41	
T	94	7118356	12608002	15572194	24578500	27083999	31596957	161413341	235724466	
T	95	11	12	22	25	27	32	37	41	
T	95	6917713	12512718	15456649	24212507	26704735	31177062	160086710	233773709	
T	96	11	12	22	25	27	32	37	41	
T	96	6863260	12517561	15501850	24208949	26754722	31315520	160550518	233601983	
T	97	11	12	22	25	27	32	37	41	
T	97	6972310	12613841	15619193	24393951	26940381	31534416	160552574	233405429	
T	98	11	12	22	25	27	32	37	41	
T	98	7050004	12707613	15708792	24555022	27096802	31737091	160669326	233591464	
T	99	11	12	22	25	27	32	37	41	
T	99	7138403	12979402	16055843	24992633	27591602	32310691	161881273	234585128	
T	100	11	12	22	25	27	32	37	41	
T	100	7304485	13022706	16098142	25205783	27800434	32541868	160978163	233552515	
T	101	11	12	22	25	27	32	37	41	
T	101	7161690	13149625	16267966	25227977	27876144	32706986	162081111	234327735	
T	102	11	12	22	25	27	32	37	41	
T	102	7209860	13185430	16358028	25349204	28032193	32910859	162195008	234074659	
T	103	11	12	22	25	27	32	37	41	
T	103	7272133	13433725	16684859	25732681	28442481	33415102	163029463	234601715	
T	104	8	11	12	22	25	27	32	37	41	
T	104	12744	7249114	13399273	16727587	25725305	28520151	33630856	163944308	235519277	
T	105	8	11	12	22	25	27	32	37	41	
T	105	12742	7196366	13357712	16655297	25571723	28292369	33422429	162314354	233051173	
T	106	8	11	12	22	25	27	32	37	41	
T	106	23113	7415208	13870037	17221172	26371016	29128407	34245284	162817787	233318008	
T	107	8	11	12	22	25	27	32	37	41	
T	107	22848	7250974	13703857	17140718	26069760	28869160	34059954	163168520	233053019	
T	108	8	11	12	22	25	27	32	37	41	
T	108	23966	7320414	13675429	17137699	26151351	28978891	34309189	163338269	233276398	
T	109	8	11	12	22	25	27	32	37	41	
T	109	35457	7310783	13732106	17167501	26177053	28996705	34409122	163648793	233633999	
T	110	8	11	12	22	25	27	32	37	41	
T	110	43238	7519521	14006331	17410808	26610047	29459666	34896617	163027380	232716643	
T	111	8	11	12	22	25	27	32	37	41	
T	111	43470	7503308	13980312	17417863	26584605	29411186	34848011	163114249	232813779	
T	112	8	11	12	22	25	27	32	37	41	
T	112	34803	7650346	14433833	17968712	27268845	30151479	35648080	164062642	232805582	
T	113	8	11	12	22	25	27	32	37	41	
T	113	43772	7916194	14639544	18240630	27774404	30753412	36413644	165048918	233751607	
T	114	8	11	12	22	25	27	32	37	41	
T	114	45189	7877250	14666485	18320725	27864129	30843250	36551850	165738115	234294797	
T	115	8	11	12	22	25	27	32	37	41	
T	115	56555	7597815	14344613	17981790	27174337	30106816	35749272	164586814	232652404	
T	116	8	11	12	22	25	27	32	37	41	
T	116	77235	7839799	14573461	18210472	27614497	30555951	36208530	164733677	232703851	
T	117	8	11	12	22	25	27	32	37	41	
T	117	77525	7907908	14697995	18358392	27802760	30758370	36416664	164896608	232509302	
T	118	8	11	12	22	25	27	32	37	41	
T	118	77223	7808128	14732870	18417332	27782443	30803958	36517490	165844122	233357983	
T	119	8	11	12	22	25	27	32	37	41	
T	119	80367	7771111	14773788	18516341	27901895	31007495	36737483	166153901	233424248	
T	120	8	11	12	22	25	27	32	37	41	
T	120	102609	7753787	14824788	18545809	27848802	30964737	36693856	165926216	232851878	
T	121	8	11	12	22	25	27	32	37	41	
T	121	102503	7839044	15185309	18998195	28369358	31545907	37333668	166226614	232127932	
T	122	8	11	12	22	25	27	32	37	41	
T	122	124466	8121286	15500764	19418353	29026503	32327774	38237192	167241191	232822490	
T	123	8	11	12	22	25	27	32	37	41	
T	123	136735	8313451	15793552	19769255	29513179	32864844	38865964	168114092	233468658	
T	124	8	11	12	22	25	27	32	37	41	
T	124	139151	8604050	16310539	20334306	30336071	33738108	39772742	168758687	234001447	
T	125	8	11	12	22	25	27	32	37	41	
T	125	156348	8493742	16015745	20044309	29913430	33308729	39298982	168253192	233227787	
T	126	8	11	12	22	25	27	32	37	41	
T	126	176988	8454737	16095690	20169293	29999680	33407472	39463837	168625570	233160136	
T	127	8	11	12	22	25	27	32	37	41	
T	127	210083	8448174	16151321	20266309	30090418	33475148	39587550	169148045	233053317	
T	128	8	11	12	22	25	27	32	37	41	
T	128	194714	8612304	16491512	20729331	30666079	34156041	40321159	170187868	233718269	
T	129	8	11	12	22	25	27	32	37	41	
T	129	237940	8574319	16585466	20788126	30651860	34170777	40476829	170951545	234402827	
T	130	8	11	12	22	25	27	32	37	41	
T	130	241480	8756746	16942623	21094537	31121059	34573552	40820530	170385578	233170424	
T	131	8	11	12	22	25	27	32	37	41	
T	131	309969	8825853	16960559	21254558	31289430	34809789	41258792	170848795	233103884	
T	132	8	11	12	22	25	27	32	37	41	
T	132	317928	8882071	17142676	21428140	31494306	35011975	41530852	171303684	233333633	
T	133	8	11	12	22	25	27	32	37	41	
T	133	326829	9030386	17518324	21817890	32011886	35608473	42139456	171904399	233680177	
T	134	8	11	12	22	25	27	32	37	41	
T	134	360985	9081338	17574802	21951702	32133979	35870003	42400969	172608866	234480403	
T	135	8	11	12	22	25	27	32	37	41	
T	135	351999	8699037	17222953	21545511	31372753	35170837	41483471	171209434	232248561	
T	136	8	11	12	22	25	27	32	37	41	
T	136	478627	8975777	17389114	21811149	31777854	35682058	42245269	171939750	232635928	
T	137	8	11	12	22	25	27	32	37	41	
T	137	486075	8890963	17528271	21959980	31870125	35852476	42468133	172413312	232439234	
T	138	8	11	12	22	25	27	32	37	41	
T	138	514934	9351947	18119298	22701532	33050344	37147003	43911027	173395739	232838645	
T	139	8	11	12	22	25	27	32	37	41	
T	139	620405	9632729	18483125	23086806	33556242	37797896	44666574	174166281	233338155	
T	140	8	11	12	22	25	27	32	37	41	
T	140	595480	9352644	18175670	22758901	32994136	37330789	44053407	173414830	232160146	
T	141	8	11	12	22	25	27	32	37	41	
T	141	650495	9201177	18083038	22709777	32777893	37131186	44028360	173963289	232302233	
T	142	8	11	12	22	25	27	32	37	41	
T	142	673143	9376024	18379127	23026761	33243518	37680648	44590597	174219316	232138413	
T	143	8	11	12	22	25	27	32	37	41	
T	143	655669	9797736	19137507	23825986	34384787	38909498	45902220	175659896	233277050	
T	144	8	11	12	22	25	27	32	37	41	
T	144	690649	9648937	19120639	23738587	34135147	38706735	45718707	175572345	232789138	
T	145	8	11	12	22	25	27	32	37	41	
T	145	719099	9349606	18808025	23370421	33493387	38027318	45073143	174509373	231177636	
T	146	8	11	12	22	25	27	32	37	41	
T	146	720875	9689758	19315229	24014354	34381514	39076440	46204398	175335292	231754130	
T	147	8	11	12	22	25	27	32	37	41	
T	147	728772	9588121	19462755	24126597	34390896	39182077	46367884	175543535	231255226	
T	148	8	11	12	22	25	27	32	37	41	
T	148	757039	9922072	20071426	24591978	35090686	39935359	47181001	176164096	231760856	
T	149	8	11	12	22	25	27	32	37	41	
T	149	775596	10031275	20295316	24910095	35449309	40431955	47756308	176827641	232117671	
T	150	8	11	12	22	25	27	32	37	41	
T	150	1350542	11649050	26936492	34187787	45777117	53617424	64226852	193200829	230207580	
G	0	11	12	22	25	27	32	37	41	
G	0	5450803	7618250	7618271	18453709	20163821	103223105	208246986	208246993	
G	1	11	12	22	25	27	32	37	
G	1	2424989	4385119	4385133	8099183	9605137	81448988	187168908	
G	2	11	12	22	25	27	32	37	
G	2	2444197	4809269	5119973	8876427	10228822	25602808	188217539	
G	3	11	12	22	25	27	32	37	
G	3	2674175	4894632	5516321	9752579	10881026	17708563	212559393	
G	4	11	12	22	25	27	32	37	
G	4	2818149	4992191	5551534	10081779	11078416	15305747	235074417	
G	5	11	12	22	25	27	32	37	41	
G	5	2744005	4655250	5165350	9412098	10363021	13369493	136164661	210602009	
G	6	11	12	22	25	27	32	37	41	
G	6	3143533	5178807	5794135	10901461	12010087	14943789	152768449	238949357	
G	7	11	12	22	25	27	32	37	41	
G	7	2654459	4525103	5087473	9184196	10137785	12486488	126877239	200180667	
G	8	11	12	22	25	27	32	37	41	
G	8	2355819	3908390	4393864	7896041	8742246	10664584	105085158	163889531	
G	9	11	12	22	25	27	32	37	41	
G	9	2321671	3910759	4383265	7814924	8597972	10549883	107206405	167122490	
G	10	11	12	22	25	27	32	37	41	
G	10	2500563	4133865	4616061	8367680	9148931	11160573	114445043	179157818	
G	11	11	12	22	25	27	32	37	41	
G	11	2559766	4278478	4871370	8721975	9568835	11564259	120575718	188404327	
G	12	11	12	22	25	27	32	37	41	
G	12	2630472	4571094	5267694	9221735	10131736	12120318	121233792	189540316	
G	13	11	12	22	25	27	32	37	41	
G	13	2583251	4306452	5059549	8897523	9793928	11757271	120938304	188850395	
G	14	11	12	22	25	27	32	37	41	
G	14	2703122	4473603	5258074	9289108	10173955	12026103	120115870	187616428	
G	15	11	12	22	25	27	32	37	41	
G	15	2661397	4357056	5153116	9127482	10026722	11883759	120664568	187667486	
G	16	11	12	22	25	27	32	37	41	
G	16	2599916	4413433	5174678	8948996	9742412	11477222	109759165	174609616	
G	17	11	12	22	25	27	32	37	41	
G	17	2738456	5716714	7373164	11453802	13686843	17270127	152083205	211784873	
G	18	11	12	22	25	27	32	37	41	
G	18	2650761	4381735	5235475	9026103	9940880	11760081	108178930	170529974	
G	19	11	12	22	25	27	32	37	41	
G	19	2493791	4315044	5197111	8767704	9766044	11561137	108552120	170474022	
G	20	11	12	22	25	27	32	37	41	
G	20	2559690	4409611	5350918	9004778	10122165	11771069	109973965	172082374	
G	21	11	12	22	25	27	32	37	41	
G	21	2992117	6521125	8637277	13035806	16027490	20052891	156576836	211922356	
G	22	11	12	22	25	27	32	37	41	
G	22	2986462	6560668	8756881	13122803	16138801	20133519	155225150	209951460	
G	23	11	12	22	25	27	32	37	41	
G	23	2749116	4612564	5673557	9556004	10783614	12432237	108549946	169486839	
G	24	11	12	22	25	27	32	37	41	
G	24	2831218	4904820	5953378	9893786	11144536	12746214	110282925	172071191	
G	25	11	12	22	25	27	32	37	41	
G	25	3120541	6591057	8651855	13155558	15933043	19459291	153506842	210756669	
G	26	11	12	22	25	27	32	37	41	
G	26	2934254	4893460	5973195	10059321	11357144	13014785	109566585	170629594	
G	27	11	12	22	25	27	32	37	41	
G	27	3326087	6490694	8354357	13147805	15707630	18979122	151341589	209638147	
G	28	11	12	22	25	27	32	37	41	
G	28	2947364	5055768	6143805	10281956	11517482	13132145	110255473	172223612	
G	29	11	12	22	25	27	32	37	41	
G	29	3270042	6937156	9133558	13784398	16783401	20605020	153957668	208982811	
G	30	11	12	22	25	27	32	37	41	
G	30	3086349	5141983	6285922	10755271	12112725	13921878	110925296	171875953	
G	31	11	12	22	25	27	32	37	41	
G	31	3067754	5097594	6176627	10417783	11714979	13357421	110392807	172026346	
G	32	11	12	22	25	27	32	37	41	
G	32	3472151	7418805	9749416	14626163	17798693	21831101	154771865	208555572	
G	33	11	12	22	25	27	32	37	41	
G	33	3532370	5714301	6908187	12159685	13561540	15424121	110825350	171241954	
G	34	11	12	22	25	27	32	37	41	
G	34	3551226	7387765	9644652	14572659	17580878	21366989	154064837	209371984	
G	35	11	12	22	25	27	32	37	41	
G	35	3784649	6088966	7316011	13081752	14502644	16374969	111119257	171717818	
G	36	11	12	22	25	27	32	37	41	
G	36	3146032	5430638	6641601	10922439	12383535	14180143	112003747	172957369	
G	37	11	12	22	25	27	32	37	41	
G	37	3423260	7720058	10155473	14745885	18000447	21998917	156062371	209759069	
G	38	11	12	22	25	27	32	37	41	
G	38	3761132	8488181	11254228	16201282	19897114	24328002	158151718	209009276	
G	39	11	12	22	25	27	32	37	41	
G	39	3757723	8318582	10960617	15915869	19429970	23688571	155779532	207208712	
G	40	11	12	22	25	27	32	37	41	
G	40	3365320	5680180	7031481	11534609	13089992	15138028	113474948	173430893	
G	41	11	12	22	25	27	32	37	41	
G	41	3341154	5673189	6913130	11177359	12661552	14556798	111823005	172141762	
G	42	11	12	22	25	27	32	37	41	
G	42	3429334	5823824	7083417	11518292	13049557	14972046	113006854	173401556	
G	43	11	12	22	25	27	32	37	41	
G	43	3863458	8132986	10542934	15461126	18695199	22640164	154488912	208213425	
G	44	11	12	22	25	27	32	37	41	
G	44	3498749	5966258	7311831	11833414	13391244	15415935	113326698	173186727	
G	45	11	12	22	25	27	32	37	41	
G	45	3929834	8178262	10556448	15551350	18736489	22579185	154459754	209044748	
G	46	11	12	22	25	27	32	37	41	
G	46	3602514	6211693	7629479	12391400	14041647	16139368	113440364	172621527	
G	47	11	12	22	25	27	32	37	41	
G	47	3960189	8398614	10903720	15904275	19235811	23213670	153548422	206255092	
G	48	11	12	22	25	27	32	37	41	
G	48	3550221	6198434	7612961	12107888	13753163	15899303	113215340	172358406	
G	49	11	12	22	25	27	32	37	41	
G	49	3710500	6360755	7788015	12379434	14086796	16208138	114641897	173885207	
G	50	11	12	22	25	27	32	37	41	
G	50	4295208	8568442	10916985	16525156	19625862	23458192	154234172	209579819	
G	51	11	12	22	25	27	32	37	41	
G	51	3787954	6622735	8111335	12898169	14631458	16864232	113964145	172872527	
G	52	11	12	22	25	27	32	37	41	
G	52	3717729	6413283	7894555	12565543	14330952	16643428	114014644	172835482	
G	53	11	12	22	25	27	32	37	41	
G	53	3714183	6432088	7898810	12530482	14270381	16793392	114400403	173179904	
G	54	11	12	22	25	27	32	37	41	
G	54	3771520	6667739	8123070	12912327	14646673	17204994	113301264	172023191	
G	55	11	12	22	25	27	32	37	41	
G	55	3793061	6556380	8075554	12766981	14568468	17196237	115298764	173846389	
G	56	11	12	22	25	27	32	37	41	
G	56	4397072	9343133	12088844	17525175	21168639	26211982	158049065	209910323	
G	57	11	12	22	25	27	32	37	41	
G	57	4351834	9317465	12070764	17419490	21007065	26016070	156191003	207713211	
G	58	11	12	22	25	27	32	37	41	
G	58	4279151	7245946	8909579	14524043	16457208	19427709	115646705	173033508	
G	59	11	12	22	25	27	32	37	41	
G	59	4486660	9222196	11841644	17312412	20692779	25381417	155737673	208906761	
G	60	11	12	22	25	27	32	37	41	
G	60	4602612	9467929	12138304	17749739	21224967	26011361	156003471	208799013	
G	61	11	12	22	25	27	32	37	41	
G	61	4476712	7499226	9165813	15100272	17044258	20047900	114977942	171995492	
G	62	11	12	22	25	27	32	37	41	
G	62	4275423	7162324	8740565	13975606	15830756	18655850	114714990	172427912	
G	63	11	12	22	25	27	32	37	41	
G	63	4624976	9165883	11658549	17243000	20449954	24984499	154191533	208608480	
G	64	11	12	22	25	27	32	37	41	
G	64	4395430	7445422	9055928	14509449	16333156	19239442	113917551	171388937	
G	65	11	12	22	25	27	32	37	41	
G	65	4319687	7399690	8990069	14218815	16023946	18862537	115158313	173833926	
G	66	11	12	22	25	27	32	37	41	
G	66	4884266	10229494	13179833	19067996	22810491	28180156	157657579	208393635	
G	67	11	12	22	25	27	32	37	41	
G	67	5404546	8600150	10381170	17832785	19859307	23152478	115743343	172003713	
G	68	11	12	22	25	27	32	37	41	
G	68	4104262	7259184	8950781	14050461	16002755	19003433	114324062	170889413	
G	69	11	12	22	25	27	32	37	41	
G	69	4686129	8074421	9837175	15905720	17922266	21130156	114698566	170661318	
G	70	11	12	22	25	27	32	37	41	
G	70	4473100	7743819	9498371	14825913	16772511	20080569	115218001	171964048	
G	71	11	12	22	25	27	32	37	41	
G	71	4263951	7495307	9220629	14258919	16155892	19330098	114864639	171910106	
G	72	11	12	22	25	27	32	37	41	
G	72	4941474	8350449	10228264	16358656	18405329	21974283	116347522	172301202	
G	73	11	12	22	25	27	32	37	41	
G	73	4919587	8433185	10353319	16606758	18694996	22298722	117653604	173816303	
G	74	11	12	22	25	27	32	37	41	
G	74	4504771	7833453	9682844	15129084	17161109	20490714	116698969	172885449	
G	75	11	12	22	25	27	32	37	41	
G	75	4507817	7896856	12379034	17802122	21062940	30038020	136626927	173283571	
G	76	11	12	22	25	27	32	37	41	
G	76	4475310	7942418	10681752	16060307	18070721	23272826	123144319	172807588	
G	77	11	12	22	25	27	32	37	41	
G	77	4380473	7937829	10309960	15737399	17576950	21664765	118359385	172116416	
G	78	11	12	22	25	27	32	37	41	
G	78	4786616	7960823	10126985	15669927	17333615	20967096	116927986	172790513	
G	79	11	12	22	25	27	32	37	41	
G	79	14948801	18120064	20175986	38991922	40553047	43913878	148017758	204884854	
G	80	11	12	22	25	27	32	37	41	
G	80	8586329	12248477	14407774	25145158	26759130	30052438	150103346	207628794	
G	81	11	12	22	25	27	32	37	41	
G	81	7415955	11369221	13598593	21548116	23078758	26142451	148960037	207203954	
G	82	11	12	22	25	27	32	37	41	
G	82	7096075	11281723	13579881	20948436	22473392	25469444	148732443	207225759	
G	83	11	12	22	25	27	32	37	41	
G	83	6876247	11183256	13551696	20678315	22220372	25239712	148840478	207209313	
G	84	11	12	22	25	27	32	37	41	
G	84	6798320	11432206	13940070	21027486	22566696	25576127	148954710	207139237	
G	85	11	12	22	25	27	32	37	41	
G	85	7102641	11753184	14287491	21857925	23406167	26467224	149553583	207754109	
G	86	11	12	22	25	27	32	37	41	
G	86	6814765	11652985	14307233	21529459	23063114	26144320	149814942	207881339	
G	87	11	12	22	25	27	32	37	41	
G	87	6561649	11186113	13846767	20902106	22446887	25571244	149283808	206974459	
G	88	11	12	22	25	27	32	37	41	
G	88	6682069	11395941	14039466	21301029	22827496	25970423	149676972	207288520	
G	89	11	12	22	25	27	32	37	41	
G	89	6446474	11290970	13976037	21103705	22643067	25792936	149891054	207166631	
G	90	11	12	22	25	27	32	37	41	
G	90	6640049	11712383	14477249	21944580	23527310	26737019	150670598	207696798	
G	91	11	12	22	25	27	32	37	41	
G	91	6674095	11551433	14334773	21760954	23332668	26556614	150831321	208140671	
G	92	11	12	22	25	27	32	37	41	
G	92	6378198	11326780	14113093	21251669	22819111	26067132	150836138	207985032	
G	93	11	12	22	25	27	32	37	41	
G	93	6238425	11376039	14227936	21266415	22853054	26101231	150877878	207675331	
G	94	11	12	22	25	27	32	37	41	
G	94	6598062	11680746	14541733	22039612	23614878	26873734	151106219	208087319	
G	95	11	12	22	25	27	32	37	41	
G	95	6429851	11619842	14539472	21716207	23326551	26643235	151894520	208752823	
G	96	11	12	22	25	27	32	37	41	
G	96	6360034	11645471	14611607	21654575	23308098	26678791	152261181	208931250	
G	97	11	12	22	25	27	32	37	41	
G	97	6700997	11967035	14974061	22337681	23986646	27398576	152414018	209039586	
G	98	11	12	22	25	27	32	37	41	
G	98	6572854	11861572	14841602	22111608	23756662	27169546	152543358	209256254	
G	99	11	12	22	25	27	32	37	41	
G	99	6590587	12064219	15113303	22402099	24066754	27493337	152514338	208613075	
G	100	11	12	22	25	27	32	37	41	
G	100	6881281	12226911	15302309	23002320	24676784	28160062	152754209	208934937	
G	101	11	12	22	25	27	32	37	41	
G	101	6611908	12146750	15216874	22597503	24314350	27833607	153070313	208837978	
G	102	11	12	22	25	27	32	37	41	
G	102	6598613	12176063	15320302	22655500	24392628	27959740	153216372	208722145	
G	103	11	12	22	25	27	32	37	41	
G	103	6635145	12263408	15406348	22758969	24504687	28086396	153061397	208103908	
G	104	8	11	12	22	25	27	32	37	41	
G	104	30310	6775364	12263095	15415393	22869144	24631340	28264869	153389636	208421870	
G	105	8	11	12	22	25	27	32	37	41	
G	105	30976	6840972	12452065	15644517	23128956	24873193	28556055	153878271	208687164	
G	106	8	11	12	22	25	27	32	37	41	
G	106	57562	7006905	12754342	15981552	23598486	25373644	29065995	154125248	208743803	
G	107	8	11	12	22	25	27	32	37	41	
G	107	55015	6926536	12722138	16012223	23527086	25330770	29079912	154263338	208293416	
G	108	8	11	12	22	25	27	32	37	41	
G	108	57709	6848096	12397975	15654469	23084233	24881932	28674365	154274476	208415398	
G	109	8	11	12	22	25	27	32	37	41	
G	109	85734	6846341	12427741	15616427	22962379	24739490	28522499	154382738	208582859	
G	110	8	11	12	22	25	27	32	37	41	
G	110	105264	7113861	12822121	16031708	23642447	25469190	29305028	155274468	209455777	
G	111	8	11	12	22	25	27	32	37	41	
G	111	106663	7103633	12757644	15987811	23567556	25387482	29215840	155157902	209259220	
G	112	8	11	12	22	25	27	32	37	41	
G	112	85802	7248265	13200560	16526595	24279860	26122934	29997774	155634797	209089417	
G	113	8	11	12	22	25	27	32	37	41	
G	113	107458	7457031	13340951	16680264	24665915	26570457	30528109	155905188	209084799	
G	114	8	11	12	22	25	27	32	37	41	
G	114	111451	7491187	13387243	16756323	24815738	26704182	30700879	156095428	208988722	
G	115	8	11	12	22	25	27	32	37	41	
G	115	138369	7385902	13285622	16689680	24552047	26453059	30473738	156988476	209883454	
G	116	8	11	12	22	25	27	32	37	41	
G	116	193215	7643319	13519416	16899450	24947013	26851051	30865241	156861026	209626315	
G	117	8	11	12	22	25	27	32	37	41	
G	117	197177	7781962	13699266	17097971	25272057	27177903	31180594	156822328	209300809	
G	118	8	11	12	22	25	27	32	37	41	
G	118	196201	7498484	13548988	16953471	24759348	26692989	30729599	157157506	209501807	
G	119	8	11	12	22	25	27	32	37	41	
G	119	197626	7450508	13478419	16886930	24648486	26607237	30631476	156864151	208919217	
G	120	8	11	12	22	25	27	32	37	41	
G	120	266607	7575952	13690240	17107986	24880415	26872799	30959137	157825346	209724658	
G	121	8	11	12	22	25	27	32	37	41	
G	121	258075	7584753	14018678	17550485	25342649	27397664	31528653	158552016	209868233	
G	122	8	11	12	22	25	27	32	37	41	
G	122	322572	7826187	14192777	17768815	25759435	27881987	32076225	158663374	209565583	
G	123	8	11	12	22	25	27	32	37	41	
G	123	353627	8064991	14437206	18032088	26255101	28417451	32670567	159415925	210182764	
G	124	8	11	12	22	25	27	32	37	41	
G	124	355090	8420493	14972840	18574591	27169880	29340731	33569947	159327987	209688772	
G	125	8	11	12	22	25	27	32	37	41	
G	125	394032	8551910	14931814	18556897	27269123	29457414	33715432	160021292	210328874	
G	126	8	11	12	22	25	27	32	37	41	
G	126	459097	8477288	14936831	18609137	27127372	29340422	33621351	160161922	209961372	
G	127	8	11	12	22	25	27	32	37	41	
G	127	556990	8437288	14981480	18679253	27080753	29281128	33610472	160834031	210227303	
G	128	8	11	12	22	25	27	32	37	41	
G	128	488212	8512052	15143585	18909470	27388655	29655546	33998621	161398174	210297906	
G	129	8	11	12	22	25	27	32	37	41	
G	129	637158	8546235	15166231	18846014	27151570	29422358	33843030	161463732	210274590	
G	130	8	11	12	22	25	27	32	37	41	
G	130	646032	8932149	15808535	19450448	28177050	30426730	34875445	162623755	211129080	
G	131	8	11	12	22	25	27	32	37	41	
G	131	826668	9043405	15743695	19523529	28179659	30479214	35044256	162704533	210810531	
G	132	8	11	12	22	25	27	32	37	41	
G	132	869004	9151292	15920952	19630375	28338075	30612907	35209704	162491861	210263058	
G	133	8	11	12	22	25	27	32	37	41	
G	133	887561	9340872	16345334	20029523	28944564	31284564	35870415	163042061	210538366	
G	134	8	11	12	22	25	27	32	37	41	
G	134	966309	9491236	16362180	20055286	28991109	31425284	35978273	162965875	210341383	
G	135	8	11	12	22	25	27	32	37	41	
G	135	958482	9354316	16403939	20137458	28961228	31503944	35977838	163971959	211475927	
G	136	8	11	12	22	25	27	32	37	41	
G	136	1305576	9782351	16436228	20219021	29077668	31714031	36332022	164030284	211320816	
G	137	8	11	12	22	25	27	32	37	41	
G	137	1313230	9658525	16549222	20361902	29094770	31804567	36460434	164530546	211387499	
G	138	8	11	12	22	25	27	32	37	41	
G	138	1423408	10253552	17205233	21127668	30467831	33260979	38013304	165407686	211899428	
G	139	8	11	12	22	25	27	32	37	41	
G	139	1720125	10499630	17301144	21212038	30377309	33293210	38089932	165749522	211981398	
G	140	8	11	12	22	25	27	32	37	41	
G	140	1622278	10180499	17101357	21059153	29955053	32997140	37772646	166386733	212499029	
G	141	8	11	12	22	25	27	32	37	41	
G	141	1804833	10138496	16951899	20924303	29575469	32635556	37534228	166861863	212917382	
G	142	8	11	12	22	25	27	32	37	41	
G	142	1809572	10268224	17121049	21072463	29895515	33000313	37887132	166810435	212618617	
G	143	8	11	12	22	25	27	32	37	41	
G	143	1775776	10719313	17907804	21804179	31080972	34219836	39103119	167180832	212561613	
G	144	8	11	12	22	25	27	32	37	41	
G	144	1882059	10709491	18018018	21827158	30983837	34155176	39089332	167697370	213028057	
G	145	8	11	12	22	25	27	32	37	41	
G	145	1953910	10636131	18005453	21793459	30761989	33949644	38963437	168580870	213980861	
G	146	8	11	12	22	25	27	32	37	41	
G	146	1930755	10950123	18476867	22403763	31645491	34983890	40075437	169068008	213991361	
G	147	8	11	12	22	25	27	32	37	41	
G	147	1951005	10943264	18715387	22542300	31757600	35155427	40263762	169266114	213928397	
G	148	8	11	12	22	25	27	32	37	41	
G	148	2026526	11412922	19476529	23069896	32628661	36035918	41162344	169666910	214346229	
G	149	8	11	12	22	25	27	32	37	41	
G	149	2082527	11736705	19776302	23422675	33280272	36769500	41927109	169903123	214236166	
G	150	8	11	12	22	25	27	32	37	41	
G	150	2955699	14951605	26471109	31812227	44128255	49705726	57389536	185354350	216849660	
C	0	11	12	22	25	27	32	37	41	
C	0	2274913	4476426	4476435	8003351	9794704	87619993	208567533	208567536	
C	1	11	12	22	25	27	32	37	
C	1	2290030	4458771	4458779	8201233	9967434	83611183	186568888	
C	2	11	12	22	25	27	32	37	
C	2	1992328	4325102	4646019	7897473	9392794	24565270	185213479	
C	3	11	12	22	25	27	32	37	
C	3	1617424	3650877	4264698	6887840	7957003	13248946	156424864	
C	4	11	12	22	25	27	32	37	41	
C	4	1396400	3039426	3524285	5740716	6536115	9437501	141972446	141972448	
C	5	11	12	22	25	27	32	37	41	
C	5	1321959	2790584	3273637	5323189	6181525	8433273	88434211	130310632	
C	6	11	12	22	25	27	32	37	41	
C	6	1450147	2890574	3393387	5709873	6553814	8559717	94968638	144982941	
C	7	11	12	22	25	27	32	37	41	
C	7	1724992	3352320	3937571	6700372	7641435	9808391	111103284	170711823	
C	8	11	12	22	25	27	32	37	41	
C	8	2031276	3724321	4392091	7642446	8730612	11061983	125146660	194513918	
C	9	11	12	22	25	27	32	37	41	
C	9	1888695	3447451	4002306	6980179	7855407	9956107	113743189	176005486	
C	10	11	12	22	25	27	32	37	41	
C	10	1839900	3437310	4001826	6917196	7797799	9929940	114261978	176337657	
C	11	11	12	22	25	27	32	37	41	
C	11	1746987	3294617	3913147	6673218	7560963	9493074	109835413	169976182	
C	12	11	12	22	25	27	32	37	41	
C	12	1789292	3542216	4286846	7093804	8097188	10087041	111588994	171572862	
C	13	11	12	22	25	27	32	37	41	
C	13	1785678	3337844	4113423	6894905	7825495	9654089	108883841	167988929	
C	14	11	12	22	25	27	32	37	41	
C	14	1864863	3481226	4303880	7213015	8202617	10046239	110969807	170810116	
C	15	11	12	22	25	27	32	37	41	
C	15	1872302	3516427	4381555	7328233	8346226	10228174	112861729	174552486	
C	16	11	12	22	25	27	32	37	41	
C	16	1885153	3533252	4344640	7305329	8200438	9994037	105310610	167203161	
C	17	11	12	22	25	27	32	37	41	
C	17	1745316	3289972	4094311	6794224	7673746	9336122	104683801	166314945	
C	18	11	12	22	25	27	32	37	41	
C	18	1926379	3543092	4441602	7379305	8394724	10268338	107148044	168277967	
C	19	11	12	22	25	27	32	37	41	
C	19	2001988	3702140	4640197	7622800	8747654	10605756	106578454	166304598	
C	20	11	12	22	25	27	32	37	41	
C	20	2257965	5802830	7867317	11398884	14185670	17844614	152075588	207907577	
C	21	11	12	22	25	27	32	37	41	
C	21	1861457	3513964	4547214	7355903	8515274	10192978	107037713	167417344	
C	22	11	12	22	25	27	32	37	41	
C	22	1891043	3567065	4592097	7453522	8652319	10294499	106814652	167365608	
C	23	11	12	22	25	27	32	37	41	
C	23	1997875	3743375	4848552	7889949	9196623	10973941	106850189	166110404	
C	24	11	12	22	25	27	32	37	41	
C	24	2222167	4079753	5145282	8660044	9973245	11676461	106678015	166282968	
C	25	11	12	22	25	27	32	37	41	
C	25	1938986	3725656	4765284	7688435	8956248	10525724	106613045	167115928	
C	26	11	12	22	25	27	32	37	41	
C	26	2069486	3904507	5042856	8148527	9555198	11384072	108312938	167855166	
C	27	11	12	22	25	27	32	37	41	
C	27	2046279	3758334	4775785	7826981	9056399	10637033	106813698	167417553	
C	28	11	12	22	25	27	32	37	41	
C	28	2434129	5925422	7959498	11620938	14437056	17971726	150470761	205570133	
C	29	11	12	22	25	27	32	37	41	
C	29	2053683	3825694	4948296	7964156	9227231	10933737	106788860	166595938	
C	30	11	12	22	25	27	32	37	41	
C	30	2266292	4193252	5374032	8714863	10145760	12047706	108970306	168437908	
C	31	11	12	22	25	27	32	37	41	
C	31	2566223	5952195	7970889	11881519	14607707	18077523	150333281	206579023	
C	32	11	12	22	25	27	32	37	41	
C	32	2148964	3981976	5090818	8217832	9475285	11181654	107460282	167839658	
C	33	11	12	22	25	27	32	37	41	
C	33	2290890	4264588	5446459	8797821	10214538	12101131	107047055	165527054	
C	34	11	12	22	25	27	32	37	41	
C	34	2219340	4032514	5105732	8298231	9570697	11213665	106789742	167093386	
C	35	11	12	22	25	27	32	37	41	
C	35	2371799	4426612	5628045	9059635	10492568	12360943	107083201	165456018	
C	36	11	12	22	25	27	32	37	41	
C	36	2368166	4442352	5644163	9048420	10522320	12377261	107246150	165874658	
C	37	11	12	22	25	27	32	37	41	
C	37	2240929	4255137	5384412	8574857	9904552	11569127	106367409	165901510	
C	38	11	12	22	25	27	32	37	41	
C	38	2326159	4256103	5443433	8724907	10076949	11858112	107093958	166109369	
C	39	11	12	22	25	27	32	37	41	
C	39	2369574	4424035	5683830	9022584	10408536	12314538	108617257	167241286	
C	40	11	12	22	25	27	32	37	41	
C	40	2607604	4779508	6145998	9878353	11474983	13601114	109588958	167230147	
C	41	11	12	22	25	27	32	37	41	
C	41	2905420	5127636	6389768	10736509	12268662	14247840	108207030	166634824	
C	42	11	12	22	25	27	32	37	41	
C	42	2638485	4882337	6149393	9891705	11439866	13398807	107867627	165932198	
C	43	11	12	22	25	27	32	37	41	
C	43	2473566	4633465	5853052	9259563	10715629	12519153	107652318	166499077	
C	44	11	12	22	25	27	32	37	41	
C	44	2429060	4753244	6108671	9401443	11009950	13093517	108989451	166427538	
C	45	11	12	22	25	27	32	37	41	
C	45	2534211	4765511	6043479	9521194	11017399	12875145	108680738	167859298	
C	46	11	12	22	25	27	32	37	41	
C	46	2730945	5155733	6581369	10296562	12012910	14158811	110335901	168092718	
C	47	11	12	22	25	27	32	37	41	
C	47	2559170	4793259	6097833	9620366	11163983	13102329	108574456	167387730	
C	48	11	12	22	25	27	32	37	41	
C	48	2859794	5305853	6723582	10559520	12262372	14419651	109844228	167231887	
C	49	11	12	22	25	27	32	37	41	
C	49	2713414	5186933	6607262	10293284	12023216	14178228	109730778	166810333	
C	50	11	12	22	25	27	32	37	41	
C	50	2642063	5064817	6427294	10014975	11649553	13730404	109925996	168324159	
C	51	11	12	22	25	27	32	37	41	
C	51	2702179	5355311	6856842	10488227	12285867	14572420	110512830	167477274	
C	52	11	12	22	25	27	32	37	41	
C	52	2959882	5483964	6952551	10866016	12641514	14890911	110581536	168030861	
C	53	11	12	22	25	27	32	37	41	
C	53	3266012	7646267	10062728	14422052	17593809	21811290	149786341	202660064	
C	54	11	12	22	25	27	32	37	41	
C	54	2978020	5744805	7346260	11288894	13151960	15907303	112109149	168722640	
C	55	11	12	22	25	27	32	37	41	
C	55	3292833	7604696	9992139	14378585	17490710	21652487	149645406	203301288	
C	56	11	12	22	25	27	32	37	41	
C	56	2818962	5369512	6903746	10670624	12408374	15090557	110656520	167857899	
C	57	11	12	22	25	27	32	37	41	
C	57	2808568	5414819	6923912	10686588	12418599	15122552	110317272	167186734	
C	58	11	12	22	25	27	32	37	41	
C	58	3053003	5831248	7471479	11512997	13475564	16393086	111383786	166794596	
C	59	11	12	22	25	27	32	37	41	
C	59	2858692	5455986	6937740	10730820	12490142	15119983	109902378	166627158	
C	60	11	12	22	25	27	32	37	41	
C	60	2892442	5520941	7035154	10869203	12631586	15346913	110794704	167764648	
C	61	11	12	22	25	27	32	37	41	
C	61	3094908	5962321	7618862	11760926	13753646	16734420	113319460	169405396	
C	62	11	12	22	25	27	32	37	41	
C	62	3725000	7485870	9612297	15095860	17771260	21569109	147521978	204171312	
C	63	11	12	22	25	27	32	37	41	
C	63	3003941	5739153	7294151	11353487	13157552	15913104	112400765	169895902	
C	64	11	12	22	25	27	32	37	41	
C	64	4036512	8358883	10723706	17259676	20284239	24562469	150878707	205453913	
C	65	11	12	22	25	27	32	37	41	
C	65	3761683	8633638	11285660	16671941	20050851	24770088	151830431	203720536	
C	66	11	12	22	25	27	32	37	41	
C	66	3102272	5981331	7701674	11712656	13586415	16670196	112091579	168305252	
C	67	11	12	22	25	27	32	37	41	
C	67	3267614	6311131	8080663	12368445	14431233	17646369	112303110	167174622	
C	68	11	12	22	25	27	32	37	41	
C	68	3304339	6345347	8062005	12427246	14442955	17524898	112520457	168542779	
C	69	11	12	22	25	27	32	37	41	
C	69	3213888	6408316	8149885	12284242	14319054	17391925	113700375	169781152	
C	70	11	12	22	25	27	32	37	41	
C	70	3930384	9014165	11776710	17223454	20624892	25570362	152902040	205177929	
C	71	11	12	22	25	27	32	37	41	
C	71	3510983	6706682	8614617	13402045	15470449	18982127	113449024	168897906	
C	72	11	12	22	25	27	32	37	41	
C	72	3381383	6573382	8403867	12682699	14709474	18041225	112156762	167406293	
C	73	11	12	22	25	27	32	37	41	
C	73	3426235	6690443	8540607	12867123	14910947	18240950	111797896	166328068	
C	74	11	12	22	25	27	32	37	41	
C	74	3390562	6655097	8524000	12884264	14967207	18278032	112798953	167879185	
C	75	11	12	22	25	27	32	37	41	
C	75	3211198	6289708	10924420	14903147	17781548	26521702	131321674	168492492	
C	76	11	12	22	25	27	32	37	41	
C	76	3359421	6426315	9126194	13381972	15364946	20507052	118171316	167851471	
C	77	11	12	22	25	27	32	37	41	
C	77	3153078	6243097	8505095	12255414	14106365	18076629	113876545	167383058	
C	78	11	12	22	25	27	32	37	41	
C	78	3037445	5914530	8025340	11504756	13211760	16772664	112394486	167651928	
C	79	11	12	22	25	27	32	37	41	
C	79	3272213	6102418	8078452	12408520	14006546	17286227	110981192	167013791	
C	80	11	12	22	25	27	32	37	41	
C	80	3271159	6389619	8404633	12647124	14290103	17437960	111419979	167860432	
C	81	11	12	22	25	27	32	37	41	
C	81	3290853	6511025	8558700	12731872	14278981	17284187	110615733	167269794	
C	82	11	12	22	25	27	32	37	41	
C	82	3260479	6594403	8645897	12755241	14268457	17176229	109593588	165863904	
C	83	11	12	22	25	27	32	37	41	
C	83	3366090	6810425	8927014	13143083	14666321	17590445	110301694	166668613	
C	84	11	12	22	25	27	32	37	41	
C	84	3441775	6961191	9120141	13400067	14914306	17859822	110877444	167444838	
C	85	11	12	22	25	27	32	37	41	
C	85	3561455	7199415	9408222	13835440	15366370	18349559	111129946	167561620	
C	86	11	12	22	25	27	32	37	41	
C	86	3535312	7295527	9597885	13950012	15482024	18497928	111647732	168112720	
C	87	11	12	22	25	27	32	37	41	
C	87	3474688	7211852	9546025	13853498	15403947	18453764	111780100	168251128	
C	88	11	12	22	25	27	32	37	41	
C	88	3581296	7376587	9682825	14115739	15644927	18702956	111847400	168104202	
C	89	11	12	22	25	27	32	37	41	
C	89	3654042	7568677	9923664	14463041	16009860	19093036	112369413	168775378	
C	90	11	12	22	25	27	32	37	41	
C	90	3799959	7847074	10251403	14940887	16538753	19694154	113119829	169376171	
C	91	11	12	22	25	27	32	37	41	
C	91	3743858	7642741	10064551	14694110	16291131	19470967	112364796	168303984	
C	92	11	12	22	25	27	32	37	41	
C	92	3735710	7726332	10131564	14747001	16326842	19493661	112112398	167841579	
C	93	11	12	22	25	27	32	37	41	
C	93	3783795	7832015	10246714	14912283	16513438	19701258	112825966	168645829	
C	94	11	12	22	25	27	32	37	41	
C	94	3852974	7922675	10378693	15125086	16712196	19908009	112723198	168570115	
C	95	11	12	22	25	27	32	37	41	
C	95	3813489	7922027	10388650	15056993	16675843	19914491	113137157	168815867	
C	96	11	12	22	25	27	32	37	41	
C	96	3778287	8019159	10547643	15187834	16845715	20130313	113471493	168890201	
C	97	11	12	22	25	27	32	37	41	
C	97	3801165	7986812	10512521	15182535	16827312	20124587	112996294	168182396	
C	98	11	12	22	25	27	32	37	41	
C	98	3861925	8126398	10653843	15377555	17009308	20309685	113400952	168837313	
C	99	11	12	22	25	27	32	37	41	
C	99	3944519	8342170	10922540	15731699	17398495	20727335	114027343	169323259	
C	100	11	12	22	25	27	32	37	41	
C	100	4091582	8373287	10969614	15961962	17647233	21049937	114386286	169795163	
C	101	11	12	22	25	27	32	37	41	
C	101	4070578	8582051	11204606	16139415	17849044	21263765	114398463	169402169	
C	102	11	12	22	25	27	32	37	41	
C	102	4062759	8549172	11226038	16170910	17903922	21363597	114334026	169111362	
C	103	11	12	22	25	27	32	37	41	
C	103	4100194	8753520	11494689	16448086	18189762	21680608	114860927	169413583	
C	104	8	11	12	22	25	27	32	37	41	
C	104	27183	4069538	8733303	11547582	16423143	18205589	21755779	115107162	169389196	
C	105	8	11	12	22	25	27	32	37	41	
C	105	28494	4092743	8697403	11469436	16378099	18142566	21752568	115706995	170260282	
C	106	8	11	12	22	25	27	32	37	41	
C	106	52153	4173994	8905132	11701629	16663918	18464365	22097841	116013742	170309600	
C	107	8	11	12	22	25	27	32	37	41	
C	107	49798	4171224	8939698	11814131	16776650	18601075	22253168	115665479	169358120	
C	108	8	11	12	22	25	27	32	37	41	
C	108	51811	4181006	8853947	11753668	16714546	18554458	22284483	115974347	169762662	
C	109	8	11	12	22	25	27	32	37	41	
C	109	73948	4184538	8930385	11775959	16719042	18546733	22269116	115807363	169389423	
C	110	8	11	12	22	25	27	32	37	41	
C	110	92695	4323354	9114163	11971398	17044808	18906134	22662496	116364886	170124271	
C	111	8	11	12	22	25	27	32	37	41	
C	111	93000	4324391	9109869	11998818	17057318	18926411	22702634	116611301	170227668	
C	112	8	11	12	22	25	27	32	37	41	
C	112	72775	4356420	9347964	12282828	17412865	19308537	23106710	116746091	169774772	
C	113	8	11	12	22	25	27	32	37	41	
C	113	93201	4493138	9425700	12401317	17655303	19604100	23470127	116782193	169449442	
C	114	8	11	12	22	25	27	32	37	41	
C	114	97728	4481172	9448396	12449842	17672218	19615553	23529028	117210410	169747551	
C	115	8	11	12	22	25	27	32	37	41	
C	115	120981	4491601	9495663	12530150	17716303	19671412	23603883	117449111	169834929	
C	116	8	11	12	22	25	27	32	37	41	
C	116	163911	4629293	9625982	12660989	17973500	19944408	23897792	117635847	170005373	
C	117	8	11	12	22	25	27	32	37	41	
C	117	166677	4621978	9636287	12663941	17981999	19949169	23872601	117149377	169177663	
C	118	8	11	12	22	25	27	32	37	41	
C	118	168033	4545603	9658467	12674697	17870686	19852695	23784379	117274438	169047730	
C	119	8	11	12	22	25	27	32	37	41	
C	119	170410	4443945	9600465	12663374	17745278	19751667	23694782	117656781	169473746	
C	120	8	11	12	22	25	27	32	37	41	
C	120	223235	4654919	9878634	12943542	18213060	20259788	24267978	118423851	170093696	
C	121	8	11	12	22	25	27	32	37	41	
C	121	216216	4724855	10169583	13300146	18639342	20741812	24767784	118339612	169113713	
C	122	8	11	12	22	25	27	32	37	41	
C	122	269420	4814251	10223271	13406233	18804410	20948567	25000122	117848399	168127272	
C	123	8	11	12	22	25	27	32	37	41	
C	123	289818	4994025	10426266	13621178	19201687	21381827	25481217	118536832	168644754	
C	124	8	11	12	22	25	27	32	37	41	
C	124	298634	5141538	10720584	13937299	19684920	21888901	26005370	118983879	169020941	
C	125	8	11	12	22	25	27	32	37	41	
C	125	335520	5224463	10741119	14033123	19822935	22049420	26204365	119595244	169577930	
C	126	8	11	12	22	25	27	32	37	41	
C	126	385743	5180039	10740756	14049526	19709176	21980164	26174477	119985608	169514445	
C	127	8	11	12	22	25	27	32	37	41	
C	127	451942	5167523	10757475	14060733	19660046	21894889	26092916	119700512	168634602	
C	128	8	11	12	22	25	27	32	37	41	
C	128	415512	5270923	10934489	14311192	20060880	22365431	26580633	120252193	168829577	
C	129	8	11	12	22	25	27	32	37	41	
C	129	511862	5325930	11025827	14332215	20016972	22313563	26596449	120288491	168732528	
C	130	8	11	12	22	25	27	32	37	41	
C	130	521334	5508373	11465669	14767319	20655282	22934586	27234638	120938233	168909360	
C	131	8	11	12	22	25	27	32	37	41	
C	131	656932	5580769	11380550	14790071	20581856	22913808	27348368	121022522	168514729	
C	132	8	11	12	22	25	27	32	37	41	
C	132	684870	5563611	11448263	14798474	20548072	22856704	27320485	121011089	168408231	
C	133	8	11	12	22	25	27	32	37	41	
C	133	700474	5728816	11800781	15141642	21093818	23468145	27925119	121728017	169099579	
C	134	8	11	12	22	25	27	32	37	41	
C	134	769736	5787927	11807143	15213385	21125582	23597836	28037734	121695066	168954952	
C	135	8	11	12	22	25	27	32	37	41	
C	135	756686	5775032	11924471	15338352	21254259	23846644	28196754	122293310	169505966	
C	136	8	11	12	22	25	27	32	37	41	
C	136	1016275	6080676	11995471	15474412	21419602	24099637	28589464	122295610	169190667	
C	137	8	11	12	22	25	27	32	37	41	
C	137	1015288	5966793	12002607	15455991	21295197	24006866	28486879	121934293	168332452	
C	138	8	11	12	22	25	27	32	37	41	
C	138	1087507	6217233	12276742	15818837	21885266	24661868	29211658	122210008	168100888	
C	139	8	11	12	22	25	27	32	37	41	
C	139	1315192	6579437	12581154	16114411	22310317	25207058	29803217	122695850	168383191	
C	140	8	11	12	22	25	27	32	37	41	
C	140	1250362	6413851	12555776	16163131	22194304	25205096	29762760	123142040	168665804	
C	141	8	11	12	22	25	27	32	37	41	
C	141	1389410	6440620	12551980	16177525	22073334	25096531	29766075	123287097	168650773	
C	142	8	11	12	22	25	27	32	37	41	
C	142	1394347	6523609	12655445	16238826	22266845	25317591	29944925	123027449	168259914	
C	143	8	11	12	22	25	27	32	37	41	
C	143	1359282	6739101	13130539	16657929	22991824	26069687	30708735	123477378	168450082	
C	144	8	11	12	22	25	27	32	37	41	
C	144	1461993	6719691	13295282	16740407	22897844	26017333	30694725	123703760	168410461	
C	145	8	11	12	22	25	27	32	37	41	
C	145	1506524	6725143	13375489	16811779	22921104	26053346	30816427	124002573	168451067	
C	146	8	11	12	22	25	27	32	37	41	
C	146	1508773	6884968	13638347	17206340	23483068	26726769	31515187	124040375	168105529	
C	147	8	11	12	22	25	27	32	37	41	
C	147	1504594	6791304	13736003	17159065	23355224	26623968	31389417	123738211	167527767	
C	148	8	11	12	22	25	27	32	37	41	
C	148	1562720	7030021	14247258	17455493	23839904	27108011	31886090	123589292	167142265	
C	149	8	11	12	22	25	27	32	37	41	
C	149	1617670	7281697	14518883	17797526	24431870	27783922	32586268	124062696	167474957	
C	150	8	11	12	22	25	27	32	37	41	
C	150	2193268	8763477	18909434	23714727	31648833	36902619	43986586	136790001	167575993	
N	0	2	
N	0	3703613	
N	1	2	
N	1	163373	
N	2	2	
N	2	3223	
N	3	2	
N	3	63315	
N	4	2	
N	4	38944	
N	5	2	
N	5	33818	
N	6	2	
N	6	3419	
N	7	2	
N	7	553	
N	8	2	
N	8	13372	
N	9	2	
N	9	608	
N	10	2	
N	10	42793	
N	11	2	
N	11	422	
N	12	2	
N	12	1450	
N	13	2	
N	13	4708	
N	14	2	
N	14	29666	
N	15	2	
N	15	610	
N	16	2	
N	16	10	
N	17	2	
N	17	75	
N	18	2	
N	18	43505	
N	19	2	
N	19	75880	
N	20	2	
N	20	5342	
N	21	2	
N	21	291	
N	22	2	
N	22	24030	
N	23	2	
N	23	67739	
N	24	2	
N	24	31	
N	25	2	
N	25	24195	
N	26	2	
N	26	1455	
N	27	2	
N	27	938	
N	28	2	
N	28	29796	
N	29	2	
N	29	55	
N	30	2	
N	30	15	
N	31	2	
N	31	17903	
N	32	2	
N	32	1661	
N	33	2	
N	33	1154	
N	34	2	
N	34	14746	
N	35	2	
N	35	12384	
N	36	2	
N	36	41164	
N	37	2	
N	37	122	
N	38	2	
N	38	5698	
N	39	2	
N	39	491	
N	40	2	
N	40	4594	
N	41	2	
N	41	44902	
N	42	2	
N	42	63418	
N	43	2	
N	43	1353	
N	44	2	
N	44	21706	
N	45	2	
N	45	465	
N	46	2	
N	46	48928	
N	47	2	
N	47	61	
N	48	2	
N	48	5226	
N	49	2	
N	49	12562	
N	50	2	
N	50	16082	
N	51	2	
N	51	17029	
N	52	2	
N	52	8323	
N	53	2	
N	53	26	
N	54	2	
N	54	15589	
N	55	2	
N	55	387	
N	56	2	
N	56	24717	
N	57	2	
N	57	85	
N	58	2	
N	58	2875	
N	59	2	
N	59	801	
N	60	2	
N	60	77620	
N	61	2	
N	61	1405	
N	62	2	
N	62	32003	
N	63	2	
N	63	1854	
N	64	2	
N	64	37	
N	65	2	
N	65	61426	
N	66	2	
N	66	51886	
N	67	2	
N	67	1207	
N	68	
N	68	
N	69	
N	69	
N	70	2	
N	70	58085	
N	71	2	
N	71	6111	
N	72	
N	72	
N	73	2	
N	73	41647	
N	74	2	
N	74	28961	
N	75	2	
N	75	46	
N	76	2	
N	76	2208	
N	77	2	
N	77	27137	
N	78	2	
N	78	26912	
N	79	2	
N	79	21182	
N	80	2	
N	80	251	
N	81	2	
N	81	37280	
N	82	2	
N	82	2639	
N	83	2	
N	83	40934	
N	84	2	
N	84	3591	
N	85	2	
N	85	58396	
N	86	
N	86	
N	87	2	
N	87	18497	
N	88	2	
N	88	1381	
N	89	2	
N	89	127	
N	90	2	
N	90	48391	
N	91	2	
N	91	106616	
N	92	2	
N	92	36898	
N	93	2	
N	93	31639	
N	94	2	
N	94	9890	
N	95	2	
N	95	1474	
N	96	2	
N	96	28237	
N	97	2	
N	97	819	
N	98	2	
N	98	164	
N	99	2	
N	99	42517	
N	100	2	
N	100	21461	
N	101	2	
N	101	18647	
N	102	2	
N	102	1269	
N	103	2	
N	103	46162	
N	104	2	
N	104	8550	
N	105	2	
N	105	3711	
N	106	2	
N	106	110	
N	107	2	
N	107	18597	
N	108	2	
N	108	35951	
N	109	2	
N	109	16533	
N	110	2	
N	110	360	
N	111	2	
N	111	34237	
N	112	2	
N	112	321	
N	113	2	
N	113	30402	
N	114	2	
N	114	27806	
N	115	2	
N	115	80	
N	116	2	
N	116	566	
N	117	2	
N	117	2343	
N	118	2	
N	118	30	
N	119	2	
N	119	36119	
N	120	2	
N	120	88	
N	121	2	
N	121	65992	
N	122	2	
N	122	3614	
N	123	2	
N	123	67539	
N	124	2	
N	124	2284	
N	125	2	
N	125	1040	
N	126	2	
N	126	8654	
N	127	2	
N	127	25674	
N	128	2	
N	128	121	
N	129	2	
N	129	1168	
N	130	2	
N	130	130	
N	131	2	
N	131	68255	
N	132	2	
N	132	1457	
N	133	2	
N	133	182	
N	134	2	
N	134	5	
N	135	2	
N	135	239	
N	136	2	
N	136	12691	
N	137	2	
N	137	75311	
N	138	2	
N	138	37232	
N	139	2	
N	139	574	
N	140	2	
N	140	51833	
N	141	2	
N	141	25694	
N	142	2	
N	142	202	
N	143	2	
N	143	19938	
N	144	2	
N	144	4914	
N	145	2	
N	145	43414	
N	146	2	
N	146	14065	
N	147	2	
N	147	84	
N	148	2	
N	148	209	
N	149	2	
N	149	39660	
N	150	2	
N	150	80790	
