.	0	2	11	12	22	25	27	32	37	
.	0	2069742	14310511	18758449	18758463	36565038	42415357	382668795	852641988	
.	1	2	11	12	22	25	27	32	37	
.	1	110602	8866962	13326082	13326083	29101403	34986649	377194490	852641988	
.	2	11	12	22	25	27	32	37	
.	2	7528830	12015705	12576513	27364620	32866981	84555521	852641988	
.	3	2	11	12	22	25	27	32	37	
.	3	41657	7100931	10836430	11888581	25751636	30132394	48842226	852641988	
.	4	2	11	12	22	25	27	32	37	41	
.	4	263	6769851	9717709	11381048	24720808	27469823	38481318	852641986	852641988	
.	5	2	11	12	22	25	27	32	37	41	
.	5	253	6072583	8957157	10549601	23507952	26148716	35181159	544030832	852641988	
.	6	2	11	12	22	25	27	32	37	41	
.	6	104	6628795	8974696	10561737	24779741	27206402	35528375	539256498	852641988	
.	7	2	11	12	22	25	27	32	37	41	
.	7	8525	5528939	7821617	9375321	21963504	24410737	31996285	536100146	852641988	
.	8	2	11	12	22	25	27	32	37	41	
.	8	7604	5996287	8452929	10271128	23332487	25998611	33453719	536220897	852641988	
.	9	11	12	22	25	27	32	37	41	
.	9	6255600	8475691	10117514	24206929	26634584	33693360	534663432	852641988	
.	10	2	11	12	22	25	27	32	37	41	
.	10	3391	6126805	8263968	9828483	23592210	25925364	32772425	533812735	852641988	
.	11	11	12	22	25	27	32	37	41	
.	11	6404977	8598002	10233959	24413902	26850338	33701807	533939158	852641988	
.	12	11	12	22	25	27	32	37	41	
.	12	6334281	8635754	10368811	24491286	26991190	34005676	534619975	852641988	
.	13	11	12	22	25	27	32	37	41	
.	13	6073123	8429854	10212422	23931696	26617285	33509183	534513998	852641988	
.	14	2	11	12	22	25	27	32	37	41	
.	14	887	6235070	8576921	10687673	24618958	27762086	34142414	535130266	852641988	
.	15	2	11	12	22	25	27	32	37	41	
.	15	2244	6768397	9145463	11231292	26036818	29074366	35701537	535254698	852641988	
.	16	2	11	12	22	25	27	32	37	41	
.	16	16414	6045195	8584425	10712231	24646533	27813173	34807500	536905205	852641988	
.	17	2	11	12	22	25	27	32	37	41	
.	17	29	7131120	10259731	12759663	28065340	31691521	39426929	541070937	852641988	
.	18	2	11	12	22	25	27	32	37	41	
.	18	2655	7121263	10124668	12604935	28816724	32385192	40312020	541441151	852641988	
.	19	2	11	12	22	25	27	32	37	41	
.	19	15	7621196	11014328	13640063	30592804	34288893	42779186	544434031	852641988	
.	20	2	11	12	22	25	27	32	37	41	
.	20	1728	7741642	11006641	13511043	30138207	33740471	41594809	542238768	852641988	
.	21	2	11	12	22	25	27	32	37	41	
.	21	245	7558329	10561020	13142254	29199282	33196176	40686321	542596275	852641988	
.	22	11	12	22	25	27	32	37	41	
.	22	7503146	10604669	13164630	29334529	33347461	40727127	542472162	852641988	
.	23	2	11	12	22	25	27	32	37	41	
.	23	9046	7885433	11229444	13804949	31385052	35613997	42927627	543323321	852641988	
.	24	2	11	12	22	25	27	32	37	41	
.	24	7	7911569	11353139	13951216	31651110	36105086	43365465	544541627	852641988	
.	25	2	11	12	22	25	27	32	37	41	
.	25	98	8862357	12766398	15319797	31750710	36270885	42616139	542612215	852641988	
.	26	2	11	12	22	25	27	32	37	41	
.	26	15704	9300981	13418872	15989640	34027222	38602957	44856521	542343706	852641988	
.	27	11	12	22	25	27	32	37	41	
.	27	9055430	13029372	15663952	32216218	36830243	42858757	541286722	852641988	
.	28	2	11	12	22	25	27	32	37	41	
.	28	6685	9753185	13936908	16681634	34237716	38919134	45067133	542095100	852641988	
.	29	2	11	12	22	25	27	32	37	41	
.	29	17297	9422872	14155595	17097264	35060112	40214356	46982377	546357487	852641988	
.	30	2	11	12	22	25	27	32	37	41	
.	30	5511	9861561	14175399	17043599	34796257	39710624	46117077	544069289	852641988	
.	31	2	11	12	22	25	27	32	37	41	
.	31	464	9411479	14404455	17473962	35057869	40403880	47362869	547966532	852641988	
.	32	2	11	12	22	25	27	32	37	41	
.	32	388	10031112	14785151	17865713	35565132	40779938	47504793	546499122	852641988	
.	33	2	11	12	22	25	27	32	37	41	
.	33	6817	9942024	14680929	17839026	35128479	40425261	47386466	547673078	852641988	
.	34	2	11	12	22	25	27	32	37	41	
.	34	98	10346701	15665735	18881855	37096772	42595663	49709961	548700197	852641988	
.	35	2	11	12	22	25	27	32	37	41	
.	35	12391	10444742	15520814	18676842	36681655	41966697	48719694	546850054	852641988	
.	36	2	11	12	22	25	27	32	37	41	
.	36	12312	10899332	16646510	20082997	38722240	44662911	52070059	551508597	852641988	
.	37	2	11	12	22	25	27	32	37	41	
.	37	22857	10251200	15586080	18992206	36408354	42135964	49372723	550150463	852641988	
.	38	11	12	22	25	27	32	37	41	
.	38	10444877	15798031	19072799	37587610	43189716	50407035	549788466	852641988	
.	39	2	11	12	22	25	27	32	37	41	
.	39	8511	10471854	16202997	19589976	37994655	43837898	51305350	551971294	852641988	
.	40	2	11	12	22	25	27	32	37	41	
.	40	8369	11081977	16239561	19511224	37981828	43512692	50558859	549070347	852641988	
.	41	11	12	22	25	27	32	37	41	
.	41	11687030	17651800	21149627	40465844	46413332	53973403	552509349	852641988	
.	42	2	11	12	22	25	27	32	37	41	
.	42	47	11349177	16713868	20082878	38693300	44358279	51524575	549920238	852641988	
.	43	2	11	12	22	25	27	32	37	41	
.	43	7497	11234165	16830451	20260491	38689589	44373024	51581291	550077943	852641988	
.	44	2	11	12	22	25	27	32	37	41	
.	44	497	10791265	16736875	20272749	38630375	44610909	52280297	553132313	852641988	
.	45	2	11	12	22	25	27	32	37	41	
.	45	883	11216075	16834660	20344215	38367422	44202369	51639864	551432894	852641988	
.	46	2	11	12	22	25	27	32	37	41	
.	46	217	11992093	18032196	21563273	40871689	46777379	54296979	551882601	852641988	
.	47	2	11	12	22	25	27	32	37	41	
.	47	43	12057372	17682459	21153179	40378961	46126800	53378424	550221909	852641988	
.	48	2	11	12	22	25	27	32	37	41	
.	48	17437	11795153	18235436	21858124	41676365	47745989	55414639	553374019	852641988	
.	49	2	11	12	22	25	27	32	37	41	
.	49	48	12291023	18357996	22038599	41540250	47661525	55216966	552857348	852641988	
.	50	2	11	12	22	25	27	32	37	41	
.	50	197	12182197	18058257	21601626	40622085	46535386	54022229	551748970	852641988	
.	51	2	11	12	22	25	27	32	37	41	
.	51	72	12111108	17943398	21389117	40381944	46131187	53373303	550078132	852641988	
.	52	2	11	12	22	25	27	32	37	41	
.	52	1579	12288170	18112639	21541673	40667152	46400059	53575373	549498166	852641988	
.	53	2	11	12	22	25	27	32	37	41	
.	53	121	12581088	18496562	21941254	41706262	47449506	54620279	549498656	852641988	
.	54	2	11	12	22	25	27	32	37	41	
.	54	6842	13700264	19781654	23285715	44311892	50164371	57409892	550150420	852641988	
.	55	2	11	12	22	25	27	32	37	41	
.	55	48	12673645	18920889	22524771	42023997	48007287	55465017	551105883	852641988	
.	56	2	11	12	22	25	27	32	37	41	
.	56	35125	14250913	20330055	23872945	46151822	52016305	59415987	550345472	852641988	
.	57	2	11	12	22	25	27	32	37	41	
.	57	180	12761672	19758288	23540234	42920475	49122227	56869520	552819740	852641988	
.	58	2	11	12	22	25	27	32	37	41	
.	58	6090	12618726	19336473	23199981	43246022	49757459	57805762	554618343	852641988	
.	59	2	11	12	22	25	27	32	37	41	
.	59	10223	13619735	20727475	24689215	45412459	52038109	60315711	556170577	852641988	
.	60	2	11	12	22	25	27	32	37	41	
.	60	2363	14318585	21050512	24951186	44537682	51035822	59232750	554833223	852641988	
.	61	2	11	12	22	25	27	32	37	41	
.	61	2462	27036949	34206394	38216832	67016970	74062786	82612452	558779410	852641988	
.	62	2	11	12	22	25	27	32	37	41	
.	62	24226	14280525	21627267	25639467	46131613	52749668	61089780	556855151	852641988	
.	63	2	11	12	22	25	27	32	37	41	
.	63	1497	13680716	20981448	25132896	44799855	51625361	60198312	556930844	852641988	
.	64	2	11	12	22	25	27	32	37	41	
.	64	2575	21333798	28971085	33237321	56469162	63523768	72476293	558769260	852641988	
.	65	2	11	12	22	25	27	32	37	41	
.	65	1147	20918698	28430286	32671247	55678799	62696732	71923463	559465539	852641988	
.	66	2	11	12	22	25	27	32	37	41	
.	66	2010	15709545	23644862	28015520	51092760	58285401	67743102	560636666	852641988	
.	67	2	11	12	22	25	27	32	37	41	
.	67	4392	21231307	28666889	32953195	57132936	64134985	73614009	558819813	852641988	
.	68	2	11	12	22	25	27	32	37	41	
.	68	2795	19497668	27132696	31371440	54419917	61258795	70767809	557668865	852641988	
.	69	2	11	12	22	25	27	32	37	41	
.	69	1535	15658460	23057025	27288048	49330993	56240669	65765915	557397830	852641988	
.	70	2	11	12	22	25	27	32	37	41	
.	70	36	16327622	23875275	28210212	51235782	58202875	68083457	558876754	852641988	
.	71	2	11	12	22	25	27	32	37	41	
.	71	158	22709449	30964859	35373288	59301856	66380922	76367040	559746932	852641988	
.	72	11	12	22	25	27	32	37	41	
.	72	19333195	27078720	31479385	55959745	63075044	73093460	558837346	852641988	
.	73	11	12	22	25	27	32	37	41	
.	73	24410925	32804549	37362789	63627281	70978675	81499531	561727888	852641988	
.	74	11	12	22	25	27	32	37	41	
.	74	19890251	28520916	33162319	59409022	66956330	77373923	562978234	852641988	
.	75	2	11	12	22	25	27	32	37	41	
.	75	325	23135442	29456114	36125649	62246332	71760015	94291032	606623483	852641988	
.	76	2	11	12	22	25	27	32	37	41	
.	76	1335	26989187	33673222	38331368	66603738	73562175	87042724	571132756	852641988	
.	77	2	11	12	22	25	27	32	37	41	
.	77	1413	17449096	23493252	27462237	51079585	57150002	67784699	557696516	852641988	
.	78	11	12	22	25	27	32	37	41	
.	78	21665550	27557751	31287053	56524403	62098454	71636048	551743667	852641988	
.	79	2	11	12	22	25	27	32	37	41	
.	79	6732	28300804	34686690	38478406	66373403	72152816	81659804	552469248	852641988	
.	80	2	11	12	22	25	27	32	37	41	
.	80	12549	21465392	27991878	31855908	58776219	64588789	74152613	552507774	852641988	
.	81	2	11	12	22	25	27	32	37	41	
.	81	1338	19261331	25515226	29449507	54247317	59809764	69385473	551007126	852641988	
.	82	11	12	22	25	27	32	37	41	
.	82	23358308	30010482	34008262	60773937	66260980	75703045	551130521	852641988	
.	83	2	11	12	22	25	27	32	37	41	
.	83	6331	17993682	24999922	29235101	55918661	61690864	71507898	553299144	852641988	
.	84	11	12	22	25	27	32	37	41	
.	84	18901293	25748817	30051646	59171157	65053258	75224763	554120477	852641988	
.	85	2	11	12	22	25	27	32	37	41	
.	85	6600	20044208	26819259	31093568	60340212	65940366	75953281	553248658	852641988	
.	86	2	11	12	22	25	27	32	37	41	
.	86	1605	32695766	39849392	44221811	79570766	85193653	95179121	553674813	852641988	
.	87	11	12	22	25	27	32	37	41	
.	87	22785399	29800814	34253852	70645469	76384767	86336474	553425365	852641988	
.	88	2	11	12	22	25	27	32	37	41	
.	88	235	19422819	30327829	36063900	66320401	73093344	83121229	559710314	852641988	
.	89	2	11	12	22	25	27	32	37	41	
.	89	8303	17911192	28894557	34638957	60827400	67595614	77669288	559851102	852641988	
.	90	2	11	12	22	25	27	32	37	41	
.	90	2001	16941067	28036118	33718793	57440292	63837810	73890466	559694237	852641988	
.	91	2	11	12	22	25	27	32	37	41	
.	91	2318	16616754	27885305	33618305	56366345	62410684	72366465	559306584	852641988	
.	92	2	11	12	22	25	27	32	37	41	
.	92	11671	16516725	27968181	33914593	56275827	62107334	72127224	559795037	852641988	
.	93	2	11	12	22	25	27	32	37	41	
.	93	1546	16559398	28146047	34245535	56498806	62184408	72293716	560210253	852641988	
.	94	11	12	22	25	27	32	37	41	
.	94	16963347	29603254	36108710	58736992	64535014	74943933	562652039	852641988	
.	95	2	11	12	22	25	27	32	37	41	
.	95	12820	17126161	28987935	35603100	58315564	63925985	74455757	562051211	852641988	
.	96	2	11	12	22	25	27	32	37	41	
.	96	37	17080410	29350739	35930346	58494116	64090036	74637784	562536720	852641988	
.	97	11	12	22	25	27	32	37	41	
.	97	17222777	29409737	36100388	58926001	64611015	75318934	563088426	852641988	
.	98	2	11	12	22	25	27	32	37	41	
.	98	5849	17293579	29651535	36424497	59275719	65002429	75956904	564368255	852641988	
.	99	11	12	22	25	27	32	37	41	
.	99	17257984	29812641	36659388	59258459	65048908	76175470	565048544	852641988	
.	100	2	11	12	22	25	27	32	37	41	
.	100	5079	17201589	30102210	36994041	59492953	65303181	76480580	565532029	852641988	
.	101	11	12	22	25	27	32	37	41	
.	101	17245282	29994046	36997567	59511261	65450214	76779808	566019928	852641988	
.	102	2	11	12	22	25	27	32	37	41	
.	102	7455	17396581	30297577	37314525	60003410	65943085	77439881	566638813	852641988	
.	103	2	11	12	22	25	27	32	37	41	
.	103	18483	17603211	30912222	38163833	61123407	67281542	79124178	568516084	852641988	
.	104	2	11	12	22	25	27	32	37	41	
.	104	10947	17903142	31055732	38300116	61537964	67619530	79508015	568161204	852641988	
.	105	11	12	22	25	27	32	37	41	
.	105	18003963	31388684	38728795	62019141	68195043	80222180	568931526	852641988	
.	106	11	12	22	25	27	32	37	41	
.	106	18164298	32231581	39791984	63267398	69587586	81803610	570512401	852641988	
.	107	2	11	12	22	25	27	32	37	41	
.	107	461	18508634	32702262	40472443	64352738	70830165	83313257	571457984	852641988	
.	108	2	11	12	22	25	27	32	37	41	
.	108	10233	18744239	32534997	40325813	64503285	70979707	83599290	571345401	852641988	
.	109	11	12	22	25	27	32	37	41	
.	109	18356824	32399026	40145264	63660830	70149621	82848753	571914286	852641988	
.	110	2	11	12	22	25	27	32	37	41	
.	110	13387	18204836	32342235	40146133	63440798	69979906	82794566	572584247	852641988	
.	111	2	11	12	22	25	27	32	37	41	
.	111	1156	18562345	33218575	41309648	65036243	71748098	84882372	574301227	852641988	
.	112	11	12	22	25	27	32	37	41	
.	112	18607955	33528075	41843968	65589760	72466766	86035277	576282225	852641988	
.	113	2	11	12	22	25	27	32	37	41	
.	113	41411	18845491	33768630	42101683	66124124	73023392	86635909	576591939	852641988	
.	114	2	11	12	22	25	27	32	37	41	
.	114	12	19165676	34310919	42749885	67034368	74033185	87780741	577281449	852641988	
.	115	11	12	22	25	27	32	37	41	
.	115	18734264	33904330	42357965	66065266	73068208	86833444	577321298	852641988	
.	116	2	11	12	22	25	27	32	37	41	
.	116	170	18605807	34270895	42829474	66419646	73406641	87097126	577953008	852641988	
.	117	2	11	12	22	25	27	32	37	41	
.	117	1600	18928677	34384493	43126804	67098866	74240901	88135129	578711004	852641988	
.	118	11	12	22	25	27	32	37	41	
.	118	19237104	34915075	43698406	68094960	75271469	89370383	579840942	852641988	
.	119	2	11	12	22	25	27	32	37	41	
.	119	112	19723702	35519898	44361636	69154649	76341036	90668170	580233896	852641988	
.	120	2	11	12	22	25	27	32	37	41	
.	120	8558	19661891	36025627	45079063	69790230	77104179	91691618	581928040	852641988	
.	121	2	11	12	22	25	27	32	37	41	
.	121	21408	19500789	35824761	45125202	69573726	77082822	91940488	583390372	852641988	
.	122	2	11	12	22	25	27	32	37	41	
.	122	14733	19256028	36021600	45412113	69595125	77025910	92054905	584313088	852641988	
.	123	11	12	22	25	27	32	37	41	
.	123	19837942	36914257	46655707	71636692	79373857	94881711	586903012	852641988	
.	124	2	11	12	22	25	27	32	37	41	
.	124	8651	20602363	37766505	47533811	73248696	80978640	96614830	587704957	852641988	
.	125	2	11	12	22	25	27	32	37	41	
.	125	25	20332165	37736663	47604038	72963736	80795502	96650413	588620651	852641988	
.	126	2	11	12	22	25	27	32	37	41	
.	126	6217	20283406	37912735	47873702	73117154	81012866	96955837	589204013	852641988	
.	127	2	11	12	22	25	27	32	37	41	
.	127	5930	20300555	38151783	48325529	73603893	81602571	97684347	590509160	852641988	
.	128	11	12	22	25	27	32	37	41	
.	128	20481479	38900557	49179944	74697196	82915622	99005790	591616975	852641988	
.	129	2	11	12	22	25	27	32	37	41	
.	129	29	20829101	39093701	49420870	75214651	83556643	99712248	592154818	852641988	
.	130	2	8	11	12	22	25	27	32	37	41	
.	130	1230	59236	21007098	40292088	50905211	76838330	85470192	101785017	594320722	852641988	
.	131	8	11	12	22	25	27	32	37	41	
.	131	175966	21260100	40039459	50725799	76810744	85594757	102058780	594483943	852641988	
.	132	2	8	11	12	22	25	27	32	37	41	
.	132	685	118495	21715709	41170674	51802051	78497141	87363193	103907819	595453323	852641988	
.	133	8	11	12	22	25	27	32	37	41	
.	133	176444	22563964	41727496	52297860	79915628	88871746	105520174	596033603	852641988	
.	134	2	8	11	12	22	25	27	32	37	41	
.	134	12776	248939	22568260	41785482	52276328	79624470	88551119	105252445	596568114	852641988	
.	135	2	8	11	12	22	25	27	32	37	41	
.	135	134	181898	21725088	42080174	52852711	79298244	88500080	105452544	599280905	852641988	
.	136	2	8	11	12	22	25	27	32	37	41	
.	136	132	188590	21762772	41787681	52731390	79208403	88438719	105582034	599748460	852641988	
.	137	2	8	11	12	22	25	27	32	37	41	
.	137	8	307556	22050454	42288845	53283234	79984485	89162159	106457391	602091321	852641988	
.	138	2	8	11	12	22	25	27	32	37	41	
.	138	41	308709	22531533	43360189	54292730	81658341	90928871	108386332	603232323	852641988	
.	139	8	11	12	22	25	27	32	37	41	
.	139	422736	23166093	44187610	55338281	83005433	92216037	109853999	605198091	852641988	
.	140	8	11	12	22	25	27	32	37	41	
.	140	546402	23235984	44485887	55877709	83512387	92774415	110818137	607269128	852641988	
.	141	2	8	11	12	22	25	27	32	37	41	
.	141	4954	573526	23866825	45681348	57230879	85531177	94955896	113265304	609375714	852641988	
.	142	2	8	11	12	22	25	27	32	37	41	
.	142	56	874093	24584473	46381143	58229081	86958562	96554488	115350294	610922549	852641988	
.	143	2	8	11	12	22	25	27	32	37	41	
.	143	13011	1019555	25103718	47280009	59164092	88297475	97891579	117027791	612299298	852641988	
.	144	2	8	11	12	22	25	27	32	37	41	
.	144	795	1049292	24949921	47154285	59129086	88002344	97730132	116987187	612971819	852641988	
.	145	2	8	11	12	22	25	27	32	37	41	
.	145	20417	1347491	25013591	48033270	60400820	89135760	99110742	118803097	615469924	852641988	
.	146	2	8	11	12	22	25	27	32	37	41	
.	146	554	1754347	25799301	48433859	61427224	90489728	100503445	121267635	617366951	852641988	
.	147	2	8	11	12	22	25	27	32	37	41	
.	147	3188	1502450	25188278	48583087	61541091	90097845	100502220	121249756	619838654	852641988	
.	148	2	8	11	12	22	25	27	32	37	41	
.	148	961	1579907	25492008	49268083	62332789	91266730	101799137	122762683	621093132	852641988	
.	149	2	8	11	12	22	25	27	32	37	41	
.	149	97	1868147	26504399	50215516	63384776	92928039	103558942	124772591	621961609	852641988	
.	150	2	8	11	12	22	25	27	32	37	41	
.	150	3542	2720912	32024108	65846676	84981138	121369862	138791097	171431051	676559817	852641988	
A	0	11	12	22	25	27	32	37	
A	0	2223236	3244289	3244294	6324762	7803159	93653476	196405352	
A	1	11	12	25	27	32	37	
A	1	1676582	2867028	6332374	8010605	110373951	227196755	
A	2	11	12	22	25	27	32	37	
A	2	1711182	2692640	2823400	6694439	8080909	20931612	230913620	
A	3	11	12	22	25	27	32	37	
A	3	1207885	2005817	2235944	5135503	6211162	10852058	201754697	
A	4	11	12	22	25	27	32	37	
A	4	1066181	1649027	1993265	4567307	5155981	7479050	180968974	
A	5	11	12	22	25	27	32	37	41	
A	5	1281763	2037119	2438677	5863013	6536126	8795001	151510701	239064782	
A	6	11	12	22	25	27	32	37	41	
A	6	1314479	1887312	2286764	5873633	6483777	8481801	136566524	218696497	
A	7	11	12	22	25	27	32	37	41	
A	7	1264603	1764545	2109641	5692526	6251553	7960425	141334029	223098650	
A	8	11	12	22	25	27	32	37	41	
A	8	1136167	1684914	2110608	5146303	5795083	7467279	145756525	221854822	
A	9	11	12	22	25	27	32	37	41	
A	9	1338156	1851617	2242451	6164445	6732141	8353330	137673213	219972334	
A	10	11	12	22	25	27	32	37	41	
A	10	1243476	1805977	2217807	5802996	6430457	8258551	140316278	234309726	
A	11	11	12	22	25	27	32	37	41	
A	11	1247703	1691589	2019927	5540820	6055630	7458269	126782399	196715395	
A	12	11	12	22	25	27	32	37	41	
A	12	1178614	1753979	2202943	5630489	6263470	7996124	126095146	210868601	
A	13	11	12	22	25	27	32	37	41	
A	13	1211021	1721649	2108108	5693495	6310212	7787613	137073477	208841826	
A	14	11	12	22	25	27	32	37	41	
A	14	1109497	1676330	2191471	5415537	6202931	7740989	125081158	208271096	
A	15	11	12	22	25	27	32	37	41	
A	15	1175098	1644255	2059908	5296443	5903144	7198520	118295932	183674996	
A	16	11	12	22	25	27	32	37	41	
A	16	1740566	2753131	3572248	8366947	9543924	11939726	182021176	269735676	
A	17	11	12	22	25	27	32	37	41	
A	17	1285137	1974053	2489625	6212722	6973698	8549758	142623513	225877749	
A	18	11	12	22	25	27	32	37	41	
A	18	1977751	3179624	4143276	9576590	10943933	13739162	185681298	274436454	
A	19	11	12	22	25	27	32	37	41	
A	19	1833166	2521928	3086048	8153919	8979434	10819646	152224902	243387057	
A	20	11	12	22	25	27	32	37	41	
A	20	1762919	2433911	2914830	7551534	8268237	9862183	144833766	232699544	
A	21	11	12	22	25	27	32	37	41	
A	21	1527573	2092233	2551548	6805817	7596993	9105542	143642083	231127421	
A	22	11	12	22	25	27	32	37	41	
A	22	1604750	2245951	2738900	7288973	8144449	9710196	155289985	249393813	
A	23	11	12	22	25	27	32	37	41	
A	23	2146956	3465134	4402130	10298560	11897918	14439644	187350672	276746362	
A	24	11	12	22	25	27	32	37	41	
A	24	2088126	3506181	4486050	10356555	12089470	14689826	183871320	269680264	
A	25	11	12	22	25	27	32	37	41	
A	25	1800980	2570949	3018901	7303339	8217560	9513588	144923400	232376097	
A	26	11	12	22	25	27	32	37	41	
A	26	2492839	3975369	4814718	10787914	12399883	14456774	181856463	270647603	
A	27	11	12	22	25	27	32	37	41	
A	27	1876020	2708870	3201589	7547646	8563396	9866294	145745352	233881880	
A	28	11	12	22	25	27	32	37	41	
A	28	2230570	3005107	3458761	8192989	9119897	10301150	148194630	238721182	
A	29	11	12	22	25	27	32	37	41	
A	29	2633708	4532581	5604171	11713289	13743173	16248173	187485717	274927633	
A	30	11	12	22	25	27	32	37	41	
A	30	2335888	3189535	3697862	8710814	9741006	11034075	147539734	236642690	
A	31	11	12	22	25	27	32	37	41	
A	31	2496397	4529228	5667295	11369260	13509521	16136120	187515612	273623872	
A	32	11	12	22	25	27	32	37	41	
A	32	2378951	3266850	3781154	8775945	9819606	11132529	148884789	238726282	
A	33	11	12	22	25	27	32	37	41	
A	33	2176581	3121495	3693979	8452687	9602225	11081243	151191248	240918504	
A	34	11	12	22	25	27	32	37	41	
A	34	2432778	3602418	4275297	9449557	10754281	12389406	149080423	236072717	
A	35	11	12	22	25	27	32	37	41	
A	35	2498024	3547160	4107060	9204063	10318112	11691508	148489016	237724663	
A	36	11	12	22	25	27	32	37	41	
A	36	2453815	3604514	4276739	9273734	10602081	12240936	149569468	236608613	
A	37	11	12	22	25	27	32	37	41	
A	37	2198359	3265500	3862791	8498237	9693990	11178289	147816155	235010652	
A	38	11	12	22	25	27	32	37	41	
A	38	2847923	4851976	5956287	12106726	14184987	16718424	189563482	277760873	
A	39	11	12	22	25	27	32	37	41	
A	39	2815487	5116423	6354049	12355646	14658209	17464062	188240202	272912395	
A	40	11	12	22	25	27	32	37	41	
A	40	2635053	3651682	4231355	9406369	10573488	12006617	146650299	234042560	
A	41	11	12	22	25	27	32	37	41	
A	41	2669604	3907019	4611005	9815730	11171370	12881683	149591355	236054939	
A	42	11	12	22	25	27	32	37	41	
A	42	2706241	3781389	4384685	9592987	10794513	12272686	149080966	237440688	
A	43	11	12	22	25	27	32	37	41	
A	43	2759556	3889591	4526966	9871967	11115801	12650164	152457187	241662969	
A	44	11	12	22	25	27	32	37	41	
A	44	2884862	5130145	6349093	12209998	14488923	17251787	187821188	272814887	
A	45	11	12	22	25	27	32	37	41	
A	45	2434353	3596007	4241001	9045473	10310045	11887440	147168570	233505551	
A	46	11	12	22	25	27	32	37	41	
A	46	2756859	4059474	4779296	9996048	11375779	13090214	149242418	235520095	
A	47	11	12	22	25	27	32	37	41	
A	47	2852260	4023400	4667562	9917184	11186325	12738216	150802831	239128664	
A	48	11	12	22	25	27	32	37	41	
A	48	3273578	5623642	6844015	13595971	15849940	18571294	191489598	279371508	
A	49	11	12	22	25	27	32	37	41	
A	49	3061906	4242166	4891027	10556200	11855027	13399545	152022673	241391817	
A	50	11	12	22	25	27	32	37	41	
A	50	2787511	4270721	5099516	10247589	11824973	13767126	151247890	236504668	
A	51	11	12	22	25	27	32	37	41	
A	51	2800299	4264477	5060495	10291698	11797919	13656435	161440340	248624929	
A	52	11	12	22	25	27	32	37	41	
A	52	3025481	4422346	5187741	10782344	12228776	14014501	161123388	248831754	
A	53	11	12	22	25	27	32	37	41	
A	53	3133500	4608637	5401893	11342263	12840253	14671894	162210983	250121151	
A	54	11	12	22	25	27	32	37	41	
A	54	3104488	4613943	5421313	11025414	12545085	14394799	160445910	248051327	
A	55	11	12	22	25	27	32	37	41	
A	55	3053107	4532734	5326403	10932009	12423602	14260424	160277048	247228132	
A	56	11	12	22	25	27	32	37	41	
A	56	4379292	5917441	6736765	14908935	16445719	18330195	160520420	247123560	
A	57	11	12	22	25	27	32	37	41	
A	57	3136764	4973878	5864094	11540820	13190180	15195440	162515926	249698181	
A	58	11	12	22	25	27	32	37	41	
A	58	3499516	5682554	6835317	13571764	15724205	18290609	188937003	277328772	
A	59	11	12	22	25	27	32	37	41	
A	59	3156062	4777179	5633076	11153410	12769388	14764850	152835305	238523918	
A	60	11	12	22	25	27	32	37	41	
A	60	2939750	4400946	5170447	10185258	11658923	13494484	149085315	234431616	
A	61	11	12	22	25	27	32	37	41	
A	61	2843942	4587055	5504213	10031041	11741085	13878020	151673950	235675509	
A	62	11	12	22	25	27	32	37	41	
A	62	2947475	4727685	5589971	10365559	11971031	13970078	153695808	240027221	
A	63	11	12	22	25	27	32	37	41	
A	63	3063686	4739343	5572443	10941727	12549219	14501506	152435747	238399291	
A	64	11	12	22	25	27	32	37	41	
A	64	3447078	5148653	6036315	11425194	13126161	15202258	152874837	237655375	
A	65	11	12	22	25	27	32	37	41	
A	65	9898542	12320608	13576726	23055325	25341949	28210924	185597714	270832036	
A	66	11	12	22	25	27	32	37	41	
A	66	3699590	5426191	6319322	12562386	14242299	16394243	151198769	234952690	
A	67	11	12	22	25	27	32	37	41	
A	67	3170731	4875926	5755170	11258125	12922706	15094433	152893376	238175003	
A	68	11	12	22	25	27	32	37	41	
A	68	3275366	5043019	5915986	10900338	12538077	14719307	154258185	240577680	
A	69	11	12	22	25	27	32	37	41	
A	69	3418372	5092600	5969029	11375882	13045310	15255961	151192732	235761169	
A	70	11	12	22	25	27	32	37	41	
A	70	3251356	4939634	5808248	11398614	13033388	15258828	150163223	234327963	
A	71	11	12	22	25	27	32	37	41	
A	71	3291010	5291421	6260532	11438092	13238462	15635187	152954531	236814859	
A	72	11	12	22	25	27	32	37	41	
A	72	3341139	5093777	5984172	10977990	12687280	14973776	152601674	237830879	
A	73	11	12	22	25	27	32	37	41	
A	73	3723417	5693997	6702771	12297748	14169074	16737879	156590890	241475616	
A	74	11	12	22	25	27	32	37	41	
A	74	3670116	5640865	6629154	12184865	14026032	16473287	154185405	237918949	
A	75	11	12	22	25	27	32	37	41	
A	75	3726454	5264596	6624035	11647984	14091037	19256936	162916727	235958534	
A	76	11	12	22	25	27	32	37	41	
A	76	3692052	5340506	6384509	11762354	13572448	16849561	155202333	235095149	
A	77	11	12	22	25	27	32	37	41	
A	77	3591588	5045272	5894677	11728774	13229186	15724013	151822234	236207479	
A	78	11	12	22	25	27	32	37	41	
A	78	3427956	4798340	5598323	10333179	11691319	13927776	152840052	240293400	
A	79	11	12	22	25	27	32	37	41	
A	79	3871929	5440629	6311980	11874740	13378242	15716080	151826591	237458378	
A	80	11	12	22	25	27	32	37	41	
A	80	3655502	5195946	6043016	11478052	12929362	15175273	149994478	235471641	
A	81	11	12	22	25	27	32	37	41	
A	81	4057679	5538184	6371956	12522824	13863985	16051686	150069410	236557549	
A	82	11	12	22	25	27	32	37	41	
A	82	12406528	14481782	15618135	28692383	30426446	33172638	184842906	273927574	
A	83	11	12	22	25	27	32	37	41	
A	83	7499402	9887633	11204959	23880104	25888696	29013359	190727159	279236546	
A	84	11	12	22	25	27	32	37	41	
A	84	8505814	10803566	12119084	27405184	29439232	32638715	189616408	277394741	
A	85	11	12	22	25	27	32	37	41	
A	85	9271661	11439845	12681996	28386733	30220876	33204828	186073749	273928411	
A	86	11	12	22	25	27	32	37	41	
A	86	13570639	15814715	17049738	30997790	32787619	35688529	162836170	250651862	
A	87	11	12	22	25	27	32	37	41	
A	87	5977253	8079030	9300450	20635892	22395608	25161927	152634505	241842200	
A	88	11	12	22	25	27	32	37	41	
A	88	5013332	8933589	11024546	20001731	22466356	25166846	157798062	243312664	
A	89	11	12	22	25	27	32	37	41	
A	89	4519261	8439740	10437987	18041452	20332379	22935826	155715779	240413937	
A	90	11	12	22	25	27	32	37	41	
A	90	4082743	7834734	9637292	16315133	18290466	20825156	152587072	236178913	
A	91	11	12	22	25	27	32	37	41	
A	91	4035422	7688136	9411478	15863392	17667153	20213114	153633880	237920735	
A	92	11	12	22	25	27	32	37	41	
A	92	4038475	7598965	9289907	15669614	17364081	19933971	154101469	238524187	
A	93	11	12	22	25	27	32	37	41	
A	93	4123529	7637429	9326011	15756747	17405695	20056087	156322046	241621360	
A	94	11	12	22	25	27	32	37	41	
A	94	4267271	8121431	9906167	16468218	18128284	20818910	155358474	239434096	
A	95	11	12	22	25	27	32	37	41	
A	95	4208515	7652734	9378006	15814809	17387551	20063501	152983999	236269906	
A	96	11	12	22	25	27	32	37	41	
A	96	4219137	7725630	9427473	15842144	17408810	20122725	153440894	236699574	
A	97	11	12	22	25	27	32	37	41	
A	97	4348692	7743657	9454216	16081673	17689364	20496488	156032300	240308492	
A	98	11	12	22	25	27	32	37	41	
A	98	4415359	7838792	9573443	16275840	17903825	20810059	158124178	242640973	
A	99	11	12	22	25	27	32	37	41	
A	99	4358106	7741965	9428414	15959037	17565383	20447674	154782405	237647180	
A	100	11	12	22	25	27	32	37	41	
A	100	4267724	7742253	9424067	15839660	17438335	20305098	154108423	236564802	
A	101	11	12	22	25	27	32	37	41	
A	101	4287018	7795020	9535675	15958175	17605524	20524156	153782726	235678020	
A	102	11	12	22	25	27	32	37	41	
A	102	4385351	7851317	9583420	16134232	17790228	20803767	156188140	239033658	
A	103	11	12	22	25	27	32	37	41	
A	103	4548832	8097081	9889437	16665698	18412260	21577974	158776932	241996486	
A	104	11	12	22	25	27	32	37	41	
A	104	4638156	8094917	9863632	16719478	18418858	21542806	157453338	240455274	
A	105	11	12	22	25	27	32	37	41	
A	105	4581812	8041909	9801256	16534724	18233593	21359500	155450952	237261542	
A	106	11	12	22	25	27	32	37	41	
A	106	4634439	8304170	10118087	16949501	18699848	21895420	156267087	237670027	
A	107	11	12	22	25	27	32	37	41	
A	107	4791799	8503217	10379544	17385100	19199958	22505509	157817379	239422905	
A	108	11	12	22	25	27	32	37	41	
A	108	4946504	8530500	10439518	17645308	19491133	22896294	159309959	241374581	
A	109	11	12	22	25	27	32	37	41	
A	109	4798148	8389913	10243740	17186780	18993122	22355516	157567856	238889953	
A	110	11	12	22	25	27	32	37	41	
A	110	4644558	8213448	10049523	16792506	18583454	21914525	155615937	236034798	
A	111	11	12	22	25	27	32	37	41	
A	111	4799667	8573707	10523913	17466489	19337611	22819753	157058213	236978225	
A	112	11	12	22	25	27	32	37	41	
A	112	4852182	8699289	10713688	17695857	19614482	23247204	158851969	238788568	
A	113	11	12	22	25	27	32	37	41	
A	113	5029334	8933377	10974922	18196285	20152029	23827270	160663227	241202507	
A	114	11	12	22	25	27	32	37	41	
A	114	5114020	9007129	11038463	18294528	20242676	23888687	159180717	239013691	
A	115	11	12	22	25	27	32	37	41	
A	115	4866989	8771695	10797024	17738484	19678274	23306428	158020306	237426201	
A	116	11	12	22	25	27	32	37	41	
A	116	4831916	8912606	10969760	17889813	19831748	23445573	158169696	237350782	
A	117	11	12	22	25	27	32	37	41	
A	117	4971067	8967776	11081366	18181772	20189955	23903428	159422617	238752720	
A	118	11	12	22	25	27	32	37	41	
A	118	5157699	9377984	11569901	18911017	20959095	24796343	161702523	241314472	
A	119	11	12	22	25	27	32	37	41	
A	119	5291893	9553125	11745810	19169502	21190029	25050322	160210179	239336357	
A	120	11	12	22	25	27	32	37	41	
A	120	5155435	9606778	11845184	19096587	21125479	25019594	158462977	236235706	
A	121	11	12	22	25	27	32	37	41	
A	121	5119556	9583288	11905524	19110318	21220931	25222981	159626810	237194517	
A	122	11	12	22	25	27	32	37	41	
A	122	5089493	9736066	12108638	19299442	21398861	25491066	161015580	238775071	
A	123	11	12	22	25	27	32	37	41	
A	123	5424528	10184659	12695991	20320223	22561857	26893796	164532993	242464878	
A	124	11	12	22	25	27	32	37	41	
A	124	5601601	10256570	12704806	20464685	22649186	26930794	162572071	239703615	
A	125	11	12	22	25	27	32	37	41	
A	125	5411146	10057039	12487312	20006948	22192206	26480637	160744149	236909481	
A	126	11	12	22	25	27	32	37	41	
A	126	5374778	10071837	12516025	19964774	22172679	26492697	160481342	236158562	
A	127	11	12	22	25	27	32	37	41	
A	127	5456667	10245739	12776624	20345759	22616320	27046301	162746156	238714387	
A	128	11	12	22	25	27	32	37	41	
A	128	5611048	10615306	13209186	20970264	23336837	27827964	164780588	240892438	
A	129	11	12	22	25	27	32	37	41	
A	129	5704475	10545467	13107037	20929745	23300804	27733583	163263414	238995456	
A	130	8	11	12	22	25	27	32	37	41	
A	130	8686	5624966	10747611	13350725	21063234	23484697	27929505	162245688	236722566	
A	131	8	11	12	22	25	27	32	37	41	
A	131	26516	5724195	10711962	13341843	21158147	23644393	28139184	162735274	237327703	
A	132	8	11	12	22	25	27	32	37	41	
A	132	18027	5930922	11115382	13755605	21826357	24344939	28909140	164168179	238855852	
A	133	8	11	12	22	25	27	32	37	41	
A	133	27019	6309786	11452649	14134369	22625955	25235825	29923220	166942505	242301988	
A	134	8	11	12	22	25	27	32	37	41	
A	134	35657	6228559	11294039	13898164	22210582	24756443	29384310	164624560	239017962	
A	135	8	11	12	22	25	27	32	37	41	
A	135	27952	5880587	11222965	13878365	21836509	24430345	29093007	163949551	237126171	
A	136	8	11	12	22	25	27	32	37	41	
A	136	27749	5861840	11101051	13796750	21717714	24329878	29024433	163482254	236292366	
A	137	8	11	12	22	25	27	32	37	41	
A	137	46928	6024894	11379423	14129083	22244239	24871108	29677769	166750585	239878994	
A	138	8	11	12	22	25	27	32	37	41	
A	138	46452	6292176	11845054	14633795	23098697	25800673	30741955	168763590	241845445	
A	139	8	11	12	22	25	27	32	37	41	
A	139	63843	6395096	11906847	14692576	23124512	25759259	30649497	166670443	238642941	
A	140	8	11	12	22	25	27	32	37	41	
A	140	82124	6304947	11842909	14663574	22990924	25606824	30552191	165825308	236917395	
A	141	8	11	12	22	25	27	32	37	41	
A	141	85875	6497388	12207073	15086186	23609391	26289249	31334255	166296261	236627495	
A	142	8	11	12	22	25	27	32	37	41	
A	142	132469	6768853	12572804	15566187	24342841	27102148	32356399	168450140	238802285	
A	143	8	11	12	22	25	27	32	37	41	
A	143	151304	7006866	12969729	16020743	25026104	27822042	33226433	170659050	241280130	
A	144	8	11	12	22	25	27	32	37	41	
A	144	155576	6889049	12786323	15811268	24667141	27463571	32821701	168497145	238108904	
A	145	8	11	12	22	25	27	32	37	41	
A	145	197490	6774154	12912170	16028253	24763176	27597735	33061244	168065092	236673985	
A	146	8	11	12	22	25	27	32	37	41	
A	146	261057	6958407	12999087	16290657	25125369	27984082	33750152	168706158	236816873	
A	147	8	11	12	22	25	27	32	37	41	
A	147	229046	6890672	13154658	16466178	25267526	28265204	34103665	171445612	239520289	
A	148	8	11	12	22	25	27	32	37	41	
A	148	238942	7043913	13473974	16836499	25813186	28867385	34797511	172520958	240391251	
A	149	8	11	12	22	25	27	32	37	41	
A	149	283097	7255431	13552046	16866515	25936182	28957490	34865767	170301088	237334628	
A	150	8	11	12	22	25	27	32	37	41	
A	150	470052	9156470	18264784	23462020	34740711	39914057	49604964	185998275	235055435	
T	0	11	12	22	25	27	32	37	
T	0	3644932	5153358	5153361	10542340	12361699	87748223	207671952	
T	1	11	12	25	27	32	37	
T	1	2794582	4592536	9173534	11294306	99355865	220607087	
T	2	11	12	22	25	27	32	37	
T	2	2155698	3760146	3939318	7619362	9332400	23741461	188472895	
T	3	11	12	22	25	27	32	37	
T	3	2175648	3442988	3786571	7517769	8833556	14028621	192478319	
T	4	11	12	22	25	27	32	37	41	
T	4	2420388	3503880	4088625	8358176	9273752	12743756	219572897	219572898	
T	5	11	12	22	25	27	32	37	41	
T	5	1919474	2818045	3308326	6816045	7612930	10083730	126278640	192456320	
T	6	11	12	22	25	27	32	37	41	
T	6	2318424	3158992	3707274	8104020	8909569	11490727	144602380	215440985	
T	7	11	12	22	25	27	32	37	41	
T	7	1753669	2567577	3077600	6518830	7296914	9525915	129231088	207899579	
T	8	11	12	22	25	27	32	37	41	
T	8	1882147	2773662	3412687	7178505	8075530	10454491	125194359	202880370	
T	9	11	12	22	25	27	32	37	41	
T	9	2175785	2943150	3476132	7832640	8568087	10575675	139739452	212798766	
T	10	11	12	22	25	27	32	37	41	
T	10	1988986	2670582	3147975	7216018	7888535	9718811	128285135	200343046	
T	11	11	12	22	25	27	32	37	41	
T	11	2087823	2886121	3449615	7704118	8487402	10577846	132745026	213015611	
T	12	11	12	22	25	27	32	37	41	
T	12	2089597	2871758	3429402	7714453	8461404	10435992	130280438	202034835	
T	13	11	12	22	25	27	32	37	41	
T	13	1917512	2675467	3213070	7153171	7926230	9780523	122284979	188356823	
T	14	11	12	22	25	27	32	37	41	
T	14	1949282	2784673	3479478	7556134	8538619	10415711	128957622	203060266	
T	15	11	12	22	25	27	32	37	41	
T	15	2513993	3365343	4071825	9334849	10310230	12373399	153374890	233500923	
T	16	11	12	22	25	27	32	37	41	
T	16	1325387	1848433	2256570	5028963	5621691	6865441	83307102	133784865	
T	17	11	12	22	25	27	32	37	41	
T	17	2354747	3255372	3958967	8865275	9845383	12001390	141956985	221511075	
T	18	11	12	22	25	27	32	37	41	
T	18	2446833	3316191	4007566	9212963	10188029	12255436	140969088	221435650	
T	19	11	12	22	25	27	32	37	41	
T	19	3120964	4921217	6199136	12710392	14412760	18139144	189464958	275517388	
T	20	11	12	22	25	27	32	37	41	
T	20	2592925	3548863	4256798	9753197	10774441	12979288	151038645	240242903	
T	21	11	12	22	25	27	32	37	41	
T	21	2564688	3490000	4195289	9495035	10628895	12714716	151673362	241590570	
T	22	11	12	22	25	27	32	37	41	
T	22	2438808	3316949	3961475	9045224	10111355	12011594	142980119	228651058	
T	23	11	12	22	25	27	32	37	41	
T	23	2850723	3954708	4737261	10748286	12080381	14219643	155508269	247658277	
T	24	11	12	22	25	27	32	37	41	
T	24	2874311	3963042	4727625	10815866	12186242	14303964	158380274	251419916	
T	25	11	12	22	25	27	32	37	41	
T	25	3023037	4185959	4848011	10387924	11693080	13420630	153955449	245193447	
T	26	11	12	22	25	27	32	37	41	
T	26	3167383	4466343	5196029	11062183	12461142	14247618	149408035	237147380	
T	27	11	12	22	25	27	32	37	41	
T	27	3045943	4283557	4991325	10473218	11856797	13556954	150727467	239886781	
T	28	11	12	22	25	27	32	37	41	
T	28	3294355	4409320	5036156	11024312	12235556	13732695	148739146	238999500	
T	29	11	12	22	25	27	32	37	41	
T	29	3223764	4668530	5498231	11400623	12973132	14911418	153205676	241513901	
T	30	11	12	22	25	27	32	37	41	
T	30	3326401	4600798	5334651	11302833	12727505	14449613	150752305	239595162	
T	31	11	12	22	25	27	32	37	41	
T	31	3230108	4702831	5534865	11359864	12925956	14832499	149660735	235961735	
T	32	11	12	22	25	27	32	37	41	
T	32	3284384	4585375	5315768	11111406	12526586	14224527	146869365	233419365	
T	33	11	12	22	25	27	32	37	41	
T	33	3255704	4599673	5368284	10984511	12456918	14250121	149801816	236753399	
T	34	11	12	22	25	27	32	37	41	
T	34	4048440	6521858	7821722	14734825	17112717	19911956	188548194	275410657	
T	35	11	12	22	25	27	32	37	41	
T	35	3512193	4942114	5727774	11791681	13302610	15084998	152386668	241021572	
T	36	11	12	22	25	27	32	37	41	
T	36	4351839	7223438	8717591	16003464	18779525	21923140	189439267	272485024	
T	37	11	12	22	25	27	32	37	41	
T	37	3337207	4921413	5799700	11485279	13179326	15149189	151568952	237946836	
T	38	11	12	22	25	27	32	37	41	
T	38	3531508	5164304	6057232	12134615	13816403	15810591	150719109	236670680	
T	39	11	12	22	25	27	32	37	41	
T	39	3587610	5250903	6156039	12330175	14032503	16057346	153779167	240899176	
T	40	11	12	22	25	27	32	37	41	
T	40	3689197	5188104	6015636	12226526	13815997	15696583	153244432	241028126	
T	41	11	12	22	25	27	32	37	41	
T	41	4666693	7565725	9069481	16666134	19403483	22564488	190247898	273890216	
T	42	11	12	22	25	27	32	37	41	
T	42	3696094	5258837	6114991	12258716	13905570	15828115	149129017	234341575	
T	43	11	12	22	25	27	32	37	41	
T	43	3620399	5198088	6051042	12088964	13694706	15594352	149379714	235149242	
T	44	11	12	22	25	27	32	37	41	
T	44	3572671	5359675	6328597	12371072	14177899	16325684	153547154	239200296	
T	45	11	12	22	25	27	32	37	41	
T	45	3670502	5356090	6269067	12270091	14003763	16044178	155781435	243108871	
T	46	11	12	22	25	27	32	37	41	
T	46	4681202	7417331	8808508	16288250	18797728	21703812	186788631	271380313	
T	47	11	12	22	25	27	32	37	41	
T	47	3965108	5646704	6545701	12989467	14686301	16658724	150318210	235809368	
T	48	11	12	22	25	27	32	37	41	
T	48	3890595	5830413	6826963	13196577	15037447	17197418	150387423	233855291	
T	49	11	12	22	25	27	32	37	41	
T	49	3982310	5671508	6558520	12974035	14680208	16627303	151274196	237276014	
T	50	11	12	22	25	27	32	37	41	
T	50	4216189	6385454	7531410	14203962	16312932	18756191	166239310	252387622	
T	51	11	12	22	25	27	32	37	41	
T	51	4204344	6320463	7413509	14092227	16093931	18416322	163008544	248740655	
T	52	11	12	22	25	27	32	37	41	
T	52	4147333	6250722	7332816	13839209	15824130	18122476	161216742	246275861	
T	53	11	12	22	25	27	32	37	41	
T	53	4170484	6292145	7370732	13920231	15889843	18166026	155266283	241077419	
T	54	11	12	22	25	27	32	37	41	
T	54	5167358	7392089	8517576	16652876	18706794	21053987	166101335	252516376	
T	55	11	12	22	25	27	32	37	41	
T	55	4344895	6637199	7794540	14509815	16619397	19054202	165895818	251982466	
T	56	11	12	22	25	27	32	37	41	
T	56	4382651	6501076	7576842	14424908	16376365	18655982	161316506	246103460	
T	57	11	12	22	25	27	32	37	41	
T	57	4106445	6502783	7672613	13963652	16061593	18507833	154883089	238825462	
T	58	11	12	22	25	27	32	37	41	
T	58	4014458	6193938	7310582	13616424	15691487	18062371	153910352	237493095	
T	59	11	12	22	25	27	32	37	41	
T	59	5184957	8137085	9584406	17712255	20339366	23359621	190276963	276069818	
T	60	11	12	22	25	27	32	37	41	
T	60	5021142	7136689	8208348	14845160	16863060	19203056	156108780	241319175	
T	61	11	12	22	25	27	32	37	41	
T	61	16565189	19308431	20650563	35225070	38045989	40935400	187086308	270313611	
T	62	11	12	22	25	27	32	37	41	
T	62	4370728	6674495	7784751	14333999	16362277	18760750	151941240	234699770	
T	63	11	12	22	25	27	32	37	41	
T	63	4443466	6688642	7806832	14224975	16307239	18741241	155917826	240446444	
T	64	11	12	22	25	27	32	37	41	
T	64	10803151	14121063	15732479	25648715	28534834	31881052	191378137	275945155	
T	65	11	12	22	25	27	32	37	41	
T	65	5866586	8275279	9486551	16447258	18664874	21332297	157913709	240966336	
T	66	11	12	22	25	27	32	37	41	
T	66	6395821	9828450	11486708	21252057	24202422	27721292	189082064	270555098	
T	67	11	12	22	25	27	32	37	41	
T	67	6708648	9094636	10301927	18361777	20570534	23311258	154657727	236390836	
T	68	11	12	22	25	27	32	37	41	
T	68	4515435	6863827	8007914	14700010	16778261	19396962	152716229	235604439	
T	69	11	12	22	25	27	32	37	41	
T	69	4677110	7036572	8216170	14976480	17139554	19866871	156449697	240755886	
T	70	11	12	22	25	27	32	37	41	
T	70	4011065	6391358	7578585	12802899	14963017	17757383	157593524	241471205	
T	71	11	12	22	25	27	32	37	41	
T	71	11764358	14882918	16372516	26951846	29544722	32859870	187728437	272784860	
T	72	11	12	22	25	27	32	37	41	
T	72	5221731	7686413	8883398	16104337	18306475	21125387	155068691	237669727	
T	73	11	12	22	25	27	32	37	41	
T	73	14362531	17799029	19459368	32823340	35693710	39431926	191222337	274256860	
T	74	11	12	22	25	27	32	37	41	
T	74	9255496	12797154	14486052	27028995	30012881	33722783	192632664	275924892	
T	75	11	12	22	25	27	32	37	41	
T	75	5738319	7873236	9592247	17300131	20356009	26705109	172228159	242278320	
T	76	11	12	22	25	27	32	37	41	
T	76	16138795	18827561	20403330	35422676	38013176	42348398	191416052	273197275	
T	77	11	12	22	25	27	32	37	41	
T	77	5100324	7014205	8121350	15079151	16973077	20055689	153804577	236809295	
T	78	11	12	22	25	27	32	37	41	
T	78	5456331	7290155	8311996	15710633	17398366	20080903	152549348	237786332	
T	79	11	12	22	25	27	32	37	41	
T	79	16905156	19452840	20815547	35202765	37465093	40895366	189238073	276421006	
T	80	11	12	22	25	27	32	37	41	
T	80	10612655	13241663	14660526	27904842	30209779	33728665	189361957	276399250	
T	81	11	12	22	25	27	32	37	41	
T	81	5824702	7728367	8810574	16584365	18273693	21065703	151085355	235761616	
T	82	11	12	22	25	27	32	37	41	
T	82	5313000	7387195	8546148	15317429	17068098	19880585	151551832	235813506	
T	83	11	12	22	25	27	32	37	41	
T	83	4761664	6844010	8035239	14723742	16502452	19363045	151679930	235955508	
T	84	11	12	22	25	27	32	37	41	
T	84	4645005	6755351	7993467	14561273	16406363	19436456	153120955	237425555	
T	85	11	12	22	25	27	32	37	41	
T	85	4808308	6955408	8223781	14866583	16666662	19712395	154158435	238769443	
T	86	11	12	22	25	27	32	37	41	
T	86	4263790	6466539	7750572	12911860	14708099	17747605	152133502	235432663	
T	87	11	12	22	25	27	32	37	41	
T	87	4137986	6396716	7731057	12666741	14545007	17654510	153020605	236325038	
T	88	11	12	22	25	27	32	37	41	
T	88	4351374	7193577	8645975	14107902	16078805	19265325	153267836	235498400	
T	89	11	12	22	25	27	32	37	41	
T	89	4604331	7471527	8960103	14939186	16999884	20273587	155656225	238783114	
T	90	11	12	22	25	27	32	37	41	
T	90	4739300	7748995	9292310	15586389	17619377	20911269	156736387	240295039	
T	91	11	12	22	25	27	32	37	41	
T	91	4715250	7783329	9341843	15722411	17642692	20821336	153102969	235268723	
T	92	11	12	22	25	27	32	37	41	
T	92	4791833	7947370	9584096	16132252	18016499	21217850	153283108	235211301	
T	93	11	12	22	25	27	32	37	41	
T	93	4917694	8179107	9891158	16630715	18515310	21776066	154558908	236725328	
T	94	11	12	22	25	27	32	37	41	
T	94	5099779	8641028	10470976	17466110	19396815	22767148	156580414	238481042	
T	95	11	12	22	25	27	32	37	41	
T	95	5274476	8777646	10706065	17929083	19842330	23266541	158092872	240893112	
T	96	11	12	22	25	27	32	37	41	
T	96	5132952	8596859	10447840	17492625	19360781	22720305	155240198	236778139	
T	97	11	12	22	25	27	32	37	41	
T	97	5152569	8710347	10617623	17685235	19577100	22963115	154477865	235445676	
T	98	11	12	22	25	27	32	37	41	
T	98	5191180	8746741	10668452	17786443	19699290	23170796	155215925	235857771	
T	99	11	12	22	25	27	32	37	41	
T	99	5231405	8878335	10859859	18010773	19976958	23571094	158063343	239577925	
T	100	11	12	22	25	27	32	37	41	
T	100	5249071	9078728	11092487	18262211	20235781	23834449	158013599	239270903	
T	101	11	12	22	25	27	32	37	41	
T	101	5176323	8874985	10865131	17920309	19895408	23459221	156360432	237043654	
T	102	11	12	22	25	27	32	37	41	
T	102	5180882	9041924	11067599	18125285	20107203	23728131	155477558	235377248	
T	103	11	12	22	25	27	32	37	41	
T	103	5262821	9199827	11289877	18448312	20497074	24242218	156915124	236616639	
T	104	11	12	22	25	27	32	37	41	
T	104	5356740	9210912	11290855	18542697	20585784	24369233	157434722	237432492	
T	105	11	12	22	25	27	32	37	41	
T	105	5475647	9438876	11563725	18932892	21023564	24886574	158814011	238924327	
T	106	11	12	22	25	27	32	37	41	
T	106	5400695	9422063	11544289	18812137	20896450	24731786	156932837	236055947	
T	107	11	12	22	25	27	32	37	41	
T	107	5488985	9650851	11858509	19220521	21357558	25265967	156997483	235763974	
T	108	11	12	22	25	27	32	37	41	
T	108	5602658	9683530	11906166	19402168	21551436	25528915	157854297	236972415	
T	109	11	12	22	25	27	32	37	41	
T	109	5484686	9774264	12043042	19385301	21568270	25621768	159050488	238122226	
T	110	11	12	22	25	27	32	37	41	
T	110	5490881	9873720	12190285	19533407	21758113	25882387	160695895	240070219	
T	111	11	12	22	25	27	32	37	41	
T	111	5482734	9856674	12168405	19477185	21703056	25821188	158073456	236000368	
T	112	11	12	22	25	27	32	37	41	
T	112	5460567	9986427	12394972	19674185	21950742	26200512	158514268	235728610	
T	113	11	12	22	25	27	32	37	41	
T	113	5519235	9984688	12389835	19742702	22038974	26328694	159141611	236385554	
T	114	11	12	22	25	27	32	37	41	
T	114	5663040	10205832	12659768	20151978	22506391	26897560	160573569	238035379	
T	115	11	12	22	25	27	32	37	41	
T	115	5599442	10246429	12732611	20151168	22532206	26943972	161771073	239676810	
T	116	11	12	22	25	27	32	37	41	
T	116	5417114	10128161	12594708	19803310	22124338	26410467	159099175	235955536	
T	117	11	12	22	25	27	32	37	41	
T	117	5511393	10134819	12644174	19951153	22313855	26662903	159069081	235730077	
T	118	11	12	22	25	27	32	37	41	
T	118	5634762	10269228	12773646	20218278	22590056	27009039	159881129	236401316	
T	119	11	12	22	25	27	32	37	41	
T	119	5837146	10527218	13080190	20718295	23127322	27713556	161812967	238761196	
T	120	11	12	22	25	27	32	37	41	
T	120	5852060	10665049	13276116	20940606	23409628	28117754	162912564	239455106	
T	121	11	12	22	25	27	32	37	41	
T	121	5653830	10415118	13036905	20463251	22926639	27595099	160216238	235431138	
T	122	11	12	22	25	27	32	37	41	
T	122	5561057	10372912	13000138	20324713	22745460	27434236	159970662	234992119	
T	123	11	12	22	25	27	32	37	41	
T	123	5764393	10731106	13491387	21032625	23563498	28465099	161652409	235969541	
T	124	11	12	22	25	27	32	37	41	
T	124	6033539	11089441	13889409	21720595	24273800	29238277	162891599	237315989	
T	125	11	12	22	25	27	32	37	41	
T	125	6017002	11191921	14044696	21841000	24450844	29534384	164462946	239053950	
T	126	11	12	22	25	27	32	37	41	
T	126	5855789	11045432	13868904	21471505	24057798	29067265	161902510	235535720	
T	127	11	12	22	25	27	32	37	41	
T	127	5840660	11069692	13938984	21515413	24109005	29144644	161774590	234920776	
T	128	11	12	22	25	27	32	37	41	
T	128	5890937	11247875	14144963	21777216	24444886	29477899	162047530	234787630	
T	129	11	12	22	25	27	32	37	41	
T	129	6045539	11472227	14453889	22238048	24997449	30142680	164186964	237146364	
T	130	8	11	12	22	25	27	32	37	41	
T	130	9471	6139381	11795388	14838629	22716418	25570810	30753522	164949228	237373232	
T	131	8	11	12	22	25	27	32	37	41	
T	131	29087	6038119	11550313	14570412	22291859	25156673	30274592	162656563	234448265	
T	132	8	11	12	22	25	27	32	37	41	
T	132	19715	6164796	11869981	14889962	22759249	25657380	30828617	162897741	234257472	
T	133	8	11	12	22	25	27	32	37	41	
T	133	28853	6421066	12077654	15104298	23223174	26147785	31350711	163288780	234594310	
T	134	8	11	12	22	25	27	32	37	41	
T	134	38423	6503016	12231617	15284170	23484441	26446167	31747825	165427947	237094039	
T	135	8	11	12	22	25	27	32	37	41	
T	135	29907	6296422	12365124	15506798	23483971	26546553	31960712	166905298	237918747	
T	136	8	11	12	22	25	27	32	37	41	
T	136	30704	6174878	12109682	15238233	23092859	26111981	31462742	164996129	235518987	
T	137	8	11	12	22	25	27	32	37	41	
T	137	51373	6192375	12172772	15319507	23149730	26134776	31500970	164223146	233621336	
T	138	8	11	12	22	25	27	32	37	41	
T	138	50314	6365337	12534068	15695166	23731511	26767684	32234319	165436067	234609712	
T	139	8	11	12	22	25	27	32	37	41	
T	139	68994	6597886	12886386	16153763	24368858	27408090	32988412	167553732	236670698	
T	140	8	11	12	22	25	27	32	37	41	
T	140	90060	6641202	13066213	16425353	24669349	27762517	33491324	168653641	237310789	
T	141	8	11	12	22	25	27	32	37	41	
T	141	94078	6663835	13140400	16472139	24718766	27793745	33485522	167043781	234677557	
T	142	8	11	12	22	25	27	32	37	41	
T	142	144327	6782686	13240338	16632746	24929753	28027683	33830739	166685623	233832031	
T	143	8	11	12	22	25	27	32	37	41	
T	143	164263	6957516	13584538	17046976	25489616	28618321	34589479	168188871	235130264	
T	144	8	11	12	22	25	27	32	37	41	
T	144	170333	7008419	13685282	17214583	25731445	28924923	34998306	170112295	237364322	
T	145	8	11	12	22	25	27	32	37	41	
T	145	212986	7026435	13974624	17609017	26115898	29400386	35630106	171165343	237708178	
T	146	8	11	12	22	25	27	32	37	41	
T	146	280789	7035320	13934359	17717457	26148732	29416052	35898879	169506820	234831489	
T	147	8	11	12	22	25	27	32	37	41	
T	147	249868	6869118	13950135	17739551	25996036	29376001	35867734	170089046	234288990	
T	148	8	11	12	22	25	27	32	37	41	
T	148	260084	7000652	14241593	18082276	26498053	29941558	36531453	171238202	235223196	
T	149	8	11	12	22	25	27	32	37	41	
T	149	303910	7313659	14674650	18611890	27273165	30777673	37520163	173284931	237432739	
T	150	8	11	12	22	25	27	32	37	41	
T	150	543628	8639784	19580458	25587133	35773937	41464623	51753086	190115421	237860612	
G	0	11	12	22	25	27	32	37	
G	0	2466407	3275883	3275885	7258034	8406848	81836973	183097220	
G	1	11	12	22	25	27	32	37	
G	1	2222045	2954513	2954514	7236417	8307939	81290582	202151619	
G	2	11	12	22	25	27	32	37	
G	2	2091769	3067240	3192644	7473824	8705431	20348986	215362607	
G	3	11	12	22	25	27	32	37	
G	3	2238382	3004264	3244382	7702374	8645895	12920864	230481623	
G	4	11	12	22	25	27	32	37	
G	4	1706586	2295598	2646254	6091329	6694720	9237698	210920003	
G	5	11	12	22	25	27	32	37	41	
G	5	1751059	2405033	2772952	6524686	7130189	9374098	146158786	225396031	
G	6	11	12	22	25	27	32	37	41	
G	6	1813137	2284823	2620809	6429836	6961002	8974005	132941646	218637555	
G	7	11	12	22	25	27	32	37	41	
G	7	1187067	1665997	2011056	4810443	5361183	7205623	121599121	202345473	
G	8	11	12	22	25	27	32	37	41	
G	8	1864817	2369101	2750778	6709541	7280916	8974256	140644202	223460129	
G	9	11	12	22	25	27	32	37	41	
G	9	1569019	2056132	2437055	5762301	6355875	8141533	130398720	215893597	
G	10	11	12	22	25	27	32	37	41	
G	10	1816355	2279657	2643628	6416046	6961680	8610800	139138330	217128967	
G	11	11	12	22	25	27	32	37	41	
G	11	1898701	2399609	2799861	6705530	7313216	9072726	143555775	231097617	
G	12	11	12	22	25	27	32	37	41	
G	12	1779361	2245305	2619571	6243278	6809620	8441880	135588558	211954921	
G	13	11	12	22	25	27	32	37	41	
G	13	1772703	2287423	2700737	6331727	6957191	8631790	138446562	217849485	
G	14	11	12	22	25	27	32	37	41	
G	14	1967203	2461129	2953188	7005599	7780396	9441885	149410755	235127063	
G	15	11	12	22	25	27	32	37	41	
G	15	1612927	2106464	2562818	5754948	6460435	7958718	115174128	188838326	
G	16	11	12	22	25	27	32	37	41	
G	16	1822181	2351565	2844569	6755618	7540868	9405063	148454187	249016449	
G	17	11	12	22	25	27	32	37	41	
G	17	2590252	3711924	4663655	9476071	10866028	13750033	164875179	254775234	
G	18	11	12	22	25	27	32	37	41	
G	18	1593617	2066167	2499013	5716438	6372531	7998294	108565598	181641990	
G	19	11	12	22	25	27	32	37	41	
G	19	1443227	1883179	2269807	5167827	5751462	7248150	98521160	161443375	
G	20	11	12	22	25	27	32	37	41	
G	20	1604562	2100531	2476767	5560274	6110416	7542133	104110424	170330412	
G	21	11	12	22	25	27	32	37	41	
G	21	2268254	3344381	4333262	8417908	9881088	12437581	140715128	205538357	
G	22	11	12	22	25	27	32	37	41	
G	22	2311429	3500290	4568149	8797169	10366025	13105192	144791641	210675543	
G	23	11	12	22	25	27	32	37	41	
G	23	1651111	2089020	2514012	5689826	6347860	7671109	97923830	160410038	
G	24	11	12	22	25	27	32	37	41	
G	24	1682981	2130592	2568399	5780935	6495603	7844845	101725154	166067710	
G	25	11	12	22	25	27	32	37	41	
G	25	2675301	4088422	5142923	9371717	11028742	13332710	143343580	209670607	
G	26	11	12	22	25	27	32	37	41	
G	26	2072347	2722835	3232347	6701105	7515536	8771164	106524162	173311746	
G	27	11	12	22	25	27	32	37	41	
G	27	2707425	3990262	4952229	9218476	10710665	12672646	141452388	209031087	
G	28	11	12	22	25	27	32	37	41	
G	28	2055587	2651728	3116891	6394779	7117674	8197246	102369066	167824807	
G	29	11	12	22	25	27	32	37	41	
G	29	2043067	2689803	3177701	6534668	7322788	8477820	102340662	167036749	
G	30	11	12	22	25	27	32	37	41	
G	30	2117916	2741870	3241253	6592889	7377110	8554853	104851859	170454425	
G	31	11	12	22	25	27	32	37	41	
G	31	2153596	2839059	3341593	6791944	7591435	8760802	105069204	171063976	
G	32	11	12	22	25	27	32	37	41	
G	32	2192615	2878861	3403663	6806808	7629403	8845901	106504491	172235714	
G	33	11	12	22	25	27	32	37	41	
G	33	2935541	4670041	5913720	10261816	12150658	14621205	141962348	204183080	
G	34	11	12	22	25	27	32	37	41	
G	34	2180639	3021473	3647921	7035524	7971413	9344800	105021367	169102818	
G	35	11	12	22	25	27	32	37	41	
G	35	2248676	3082540	3664730	7050417	7926130	9169243	104629089	168937264	
G	36	11	12	22	25	27	32	37	41	
G	36	2325295	3180657	3781420	7338684	8264558	9561912	106693190	171887343	
G	37	11	12	22	25	27	32	37	41	
G	37	3052723	4916032	6227294	10703157	12651758	15154062	144625188	207675029	
G	38	11	12	22	25	27	32	37	41	
G	38	2383382	3217457	3852761	7408267	8352826	9718802	104580049	168087009	
G	39	11	12	22	25	27	32	37	41	
G	39	2359412	3211511	3833136	7318913	8267084	9620978	103899754	167014595	
G	40	11	12	22	25	27	32	37	41	
G	40	2402584	3179046	3765318	7230455	8125039	9421890	105408720	169740933	
G	41	11	12	22	25	27	32	37	41	
G	41	2457108	3356631	3968130	7555381	8490260	9829659	105992899	170580047	
G	42	11	12	22	25	27	32	37	41	
G	42	2518341	3362798	3988084	7558172	8504518	9851002	107145205	172039868	
G	43	11	12	22	25	27	32	37	41	
G	43	2475659	3313570	3887022	7376247	8240351	9484970	105524859	170665088	
G	44	11	12	22	25	27	32	37	41	
G	44	2506605	3423161	4055579	7651551	8607345	9971577	107299916	171965432	
G	45	11	12	22	25	27	32	37	41	
G	45	3318397	5172139	6469676	10961995	12891081	15405655	142933585	205109459	
G	46	11	12	22	25	27	32	37	41	
G	46	2580331	3563705	4261211	7896840	8920100	10388593	107179447	171122339	
G	47	11	12	22	25	27	32	37	41	
G	47	2676286	3591084	4252316	7909340	8886421	10268912	106988625	171416368	
G	48	11	12	22	25	27	32	37	41	
G	48	2707690	3733328	4397533	8166495	9158076	10538149	105417232	169033484	
G	49	11	12	22	25	27	32	37	41	
G	49	2698425	3613774	4271849	7920965	8886538	10257446	105985642	169627090	
G	50	11	12	22	25	27	32	37	41	
G	50	2982848	4048760	4782204	8745031	9850245	11375503	116998990	181237604	
G	51	11	12	22	25	27	32	37	41	
G	51	3026487	4119864	4883607	8917532	10055209	11611260	117898690	182595945	
G	52	11	12	22	25	27	32	37	41	
G	52	2884141	4005016	4777505	8595366	9757038	11323222	109793306	174472398	
G	53	11	12	22	25	27	32	37	41	
G	53	3101558	4215825	4984687	9075078	10216020	11760829	117094765	181242135	
G	54	11	12	22	25	27	32	37	41	
G	54	3298746	4423718	5187439	9408709	10551278	12084602	116619185	180336215	
G	55	11	12	22	25	27	32	37	41	
G	55	3155786	4374395	5196870	9311220	10525234	12154448	116767422	180413216	
G	56	11	12	22	25	27	32	37	41	
G	56	3265442	4441341	5255207	9452817	10656106	12303975	119335026	184806018	
G	57	11	12	22	25	27	32	37	41	
G	57	3205587	4552043	5394128	9536439	10764044	12424758	118085712	181962194	
G	58	11	12	22	25	27	32	37	41	
G	58	2870881	3989052	4764328	8537050	9687261	11256815	106068717	168433911	
G	59	11	12	22	25	27	32	37	41	
G	59	3117467	4351072	5171886	9222151	10431768	12102928	106113807	167751686	
G	60	11	12	22	25	27	32	37	41	
G	60	3391228	4562402	5354151	9342441	10504003	12151217	107966775	170770037	
G	61	11	12	22	25	27	32	37	41	
G	61	5367241	6669182	7514720	13979228	15239273	17006674	110598199	173865474	
G	62	11	12	22	25	27	32	37	41	
G	62	3329612	4684672	5523576	9484701	10702325	12400745	108534915	171023555	
G	63	11	12	22	25	27	32	37	41	
G	63	4045899	6118082	7464313	12347830	14336127	16882401	141786280	203377314	
G	64	11	12	22	25	27	32	37	41	
G	64	4925832	6207103	7078439	12001956	13252509	15046861	108399064	170196476	
G	65	11	12	22	25	27	32	37	41	
G	65	3268605	4579084	5470024	9501113	10795573	12686274	109143452	171389663	
G	66	11	12	22	25	27	32	37	41	
G	66	3295478	4663821	5575034	9446831	10766265	12730033	111934616	174976752	
G	67	11	12	22	25	27	32	37	41	
G	67	8895371	10852282	12153527	19667081	21550665	24212618	142623354	206449224	
G	68	11	12	22	25	27	32	37	41	
G	68	3633966	4984400	5856959	9804929	11028123	12999078	107345540	169063395	
G	69	11	12	22	25	27	32	37	41	
G	69	3634649	4911215	5764494	9879038	11098703	13036073	108163976	170395891	
G	70	11	12	22	25	27	32	37	41	
G	70	6455966	8539028	9907312	18512481	20486106	23366475	143460526	205910384	
G	71	11	12	22	25	27	32	37	41	
G	71	4935579	6479830	7443824	12229608	13581501	15742190	110031852	171701994	
G	72	11	12	22	25	27	32	37	41	
G	72	3638080	5004922	5918379	9871284	11166404	13257794	109074912	171277651	
G	73	11	12	22	25	27	32	37	41	
G	73	3827749	5276097	6195636	10185332	11502116	13618024	107561652	168961485	
G	74	11	12	22	25	27	32	37	41	
G	74	4130626	5647583	6618943	11303432	12681382	14842735	108256992	169102558	
G	75	11	12	22	25	27	32	37	41	
G	75	3690114	4834917	6603918	10587524	12638996	18584525	122884592	169190773	
G	76	11	12	22	25	27	32	37	41	
G	76	4559595	5732747	6723986	11224673	12525214	15456684	113253467	172845786	
G	77	11	12	22	25	27	32	37	41	
G	77	6126750	7709126	8868617	16430811	18028621	20871768	143262725	207596919	
G	78	11	12	22	25	27	32	37	41	
G	78	4379863	5389311	6120991	10397885	11331069	13216802	106613419	170101750	
G	79	11	12	22	25	27	32	37	41	
G	79	4902736	6025976	6778347	11311104	12319348	14174024	106639999	170385490	
G	80	11	12	22	25	27	32	37	41	
G	80	4752125	5921294	6707379	11757537	12785669	14693336	108134175	171890544	
G	81	11	12	22	25	27	32	37	41	
G	81	7086782	8808808	10019405	17917009	19492165	22198491	143477741	208935300	
G	82	11	12	22	25	27	32	37	41	
G	82	3646532	4897502	5733169	10102965	11098283	13014881	108343349	172131586	
G	83	11	12	22	25	27	32	37	41	
G	83	3420155	4686154	5540743	9838854	10837084	12751455	106158047	168961608	
G	84	11	12	22	25	27	32	37	41	
G	84	3375340	4557654	5415681	9629685	10632834	12602118	106086218	168626207	
G	85	11	12	22	25	27	32	37	41	
G	85	3829872	5018047	5883676	10140366	11128889	13131178	107682466	170855027	
G	86	11	12	22	25	27	32	37	41	
G	86	12574623	13924141	14840146	28215803	29242167	31272492	131505065	195110404	
G	87	11	12	22	25	27	32	37	41	
G	87	10154337	11441127	12367029	29177586	30225996	32260579	141112099	204055963	
G	88	11	12	22	25	27	32	37	41	
G	88	7547030	9605317	10684041	23187603	24350094	26422448	141746370	203913658	
G	89	11	12	22	25	27	32	37	41	
G	89	6283816	8368455	9474882	18803922	20004677	22102066	142311632	204695180	
G	90	11	12	22	25	27	32	37	41	
G	90	5591326	7722004	8859114	16306572	17484270	19577030	142057292	204298965	
G	91	11	12	22	25	27	32	37	41	
G	91	5294891	7532575	8729553	15299029	16448907	18552161	143786147	206996029	
G	92	11	12	22	25	27	32	37	41	
G	92	5109261	7455217	8741131	14834424	15959649	18078403	143907292	207045107	
G	93	11	12	22	25	27	32	37	41	
G	93	4948367	7356279	8700092	14446659	15525588	17621392	141873004	204059409	
G	94	11	12	22	25	27	32	37	41	
G	94	4948321	7614045	9052580	14705717	15820126	17992565	142453855	204087597	
G	95	11	12	22	25	27	32	37	41	
G	95	4958978	7404862	8871780	14483129	15547403	17747850	142299374	203987505	
G	96	11	12	22	25	27	32	37	41	
G	96	5010102	7631203	9117153	14743738	15822828	18041662	143947237	206326728	
G	97	11	12	22	25	27	32	37	41	
G	97	5014151	7617912	9143868	14799328	15896158	18140849	143966727	206150299	
G	98	11	12	22	25	27	32	37	41	
G	98	4988163	7616937	9147778	14747154	15843573	18121057	143366348	204972797	
G	99	11	12	22	25	27	32	37	41	
G	99	4947586	7766279	9378547	14855359	15973985	18289687	143750461	205186525	
G	100	11	12	22	25	27	32	37	41	
G	100	4959501	7811076	9425128	14907065	16032900	18368847	144212313	205673722	
G	101	11	12	22	25	27	32	37	41	
G	101	5016967	7782540	9405183	14953315	16113044	18519223	145550749	207412214	
G	102	11	12	22	25	27	32	37	41	
G	102	5052628	7845656	9477872	15062209	16218483	18631850	145160321	206666856	
G	103	11	12	22	25	27	32	37	41	
G	103	5007309	7992894	9715777	15242145	16436640	18895773	143736810	203992774	
G	104	11	12	22	25	27	32	37	41	
G	104	5084657	7962425	9642421	15240998	16417817	18894567	144360159	205006667	
G	105	11	12	22	25	27	32	37	41	
G	105	5094915	8023185	9729226	15343391	16540659	19041136	144534352	205063351	
G	106	11	12	22	25	27	32	37	41	
G	106	5209810	8471524	10306698	16031468	17280037	19845842	145543089	205649534	
G	107	11	12	22	25	27	32	37	41	
G	107	5283455	8456279	10300268	16130742	17390309	19993716	145674144	205824028	
G	108	11	12	22	25	27	32	37	41	
G	108	5266375	8267479	10073520	15901954	17139671	19732571	144303889	204045977	
G	109	11	12	22	25	27	32	37	41	
G	109	5190179	8250642	10063982	15716333	16971389	19598276	145091145	204894986	
G	110	11	12	22	25	27	32	37	41	
G	110	5204852	8284835	10112895	15776076	17043778	19716466	146297768	206461833	
G	111	11	12	22	25	27	32	37	41	
G	111	5341626	8464862	10313697	16147196	17445583	20170567	147235374	207520723	
G	112	11	12	22	25	27	32	37	41	
G	112	5361326	8541586	10435434	16277339	17611106	20403428	147194863	206802817	
G	113	11	12	22	25	27	32	37	41	
G	113	5323192	8596164	10535059	16338204	17671113	20477517	146430880	205420569	
G	114	11	12	22	25	27	32	37	41	
G	114	5410305	8696892	10642694	16506878	17856060	20692646	146710620	205585597	
G	115	11	12	22	25	27	32	37	41	
G	115	5345469	8604976	10561748	16316857	17658165	20502000	146954490	206001323	
G	116	11	12	22	25	27	32	37	41	
G	116	5386379	8822471	10835249	16647748	18009685	20872981	148522567	207782546	
G	117	11	12	22	25	27	32	37	41	
G	117	5428918	8876838	10950540	16803059	18183872	21061126	147593688	206194765	
G	118	11	12	22	25	27	32	37	41	
G	118	5429400	8864838	10910516	16791504	18166786	21057925	146755025	204813104	
G	119	11	12	22	25	27	32	37	41	
G	119	5500642	8924604	10956423	16892763	18261489	21161322	146426601	204161442	
G	120	11	12	22	25	27	32	37	41	
G	120	5553134	9127143	11220786	17218391	18620840	21583604	148177690	206220025	
G	121	11	12	22	25	27	32	37	41	
G	121	5578925	9115953	11264810	17267351	18724398	21774591	149281702	207182277	
G	122	11	12	22	25	27	32	37	41	
G	122	5513708	9154868	11315808	17231616	18682076	21769394	149677070	207314005	
G	123	11	12	22	25	27	32	37	41	
G	123	5551278	9214524	11427871	17423694	18902549	22011825	148176446	204641955	
G	124	11	12	22	25	27	32	37	41	
G	124	5745708	9460160	11698468	17893537	19382579	22544208	148831033	205137559	
G	125	11	12	22	25	27	32	37	41	
G	125	5712017	9473611	11738048	17881242	19395125	22602491	149587768	205934222	
G	126	11	12	22	25	27	32	37	41	
G	126	5792931	9654081	11977567	18207718	19750789	23016388	151178843	207914298	
G	127	11	12	22	25	27	32	37	41	
G	127	5760002	9644004	12007502	18189525	19749872	23018671	150780418	207032948	
G	128	11	12	22	25	27	32	37	41	
G	128	5762240	9790308	12167934	18363604	19952177	23205227	150523929	206360936	
G	129	11	12	22	25	27	32	37	41	
G	129	5803172	9779929	12154049	18355945	19955095	23208305	150267309	205809778	
G	130	8	11	12	22	25	27	32	37	41	
G	130	18042	5890023	10184900	12661050	18945412	20611708	23905150	151024287	206225965	
G	131	8	11	12	22	25	27	32	37	41	
G	131	55229	6045694	10154345	12624293	19042785	20742677	24105410	152083344	207526068	
G	132	8	11	12	22	25	27	32	37	41	
G	132	35906	6133862	10387803	12835319	19388193	21103427	24453209	151967284	207157574	
G	133	8	11	12	22	25	27	32	37	41	
G	133	55318	6291167	10433468	12837014	19576249	21288459	24640442	151075656	205763278	
G	134	8	11	12	22	25	27	32	37	41	
G	134	73926	6272152	10455621	12854784	19490665	21196463	24555358	151549780	206356682	
G	135	8	11	12	22	25	27	32	37	41	
G	135	57574	6092527	10561813	13039991	19453422	21217998	24619059	152282108	206568226	
G	136	8	11	12	22	25	27	32	37	41	
G	136	59837	6198545	10573807	13093105	19620413	21404603	24906355	153821842	208448723	
G	137	8	11	12	22	25	27	32	37	41	
G	137	95373	6268626	10671540	13195310	19764906	21536890	25065460	153978287	207901146	
G	138	8	11	12	22	25	27	32	37	41	
G	138	97550	6288767	10818899	13302667	19921566	21679307	25174291	152799344	206109037	
G	139	8	11	12	22	25	27	32	37	41	
G	139	135982	6466935	11057374	13593534	20319585	22078909	25632324	153804037	206715688	
G	140	8	11	12	22	25	27	32	37	41	
G	140	180370	6536000	11126551	13705585	20456245	22217687	25867990	154641528	207180237	
G	141	8	11	12	22	25	27	32	37	41	
G	141	188690	6798002	11559634	14200014	21245811	23067219	26812930	156416689	208852216	
G	142	8	11	12	22	25	27	32	37	41	
G	142	290110	6976062	11685000	14391940	21509831	23367104	27202318	156130226	207938973	
G	143	8	11	12	22	25	27	32	37	41	
G	143	340916	7059760	11802907	14474309	21634069	23461875	27321264	155117772	206194551	
G	144	8	11	12	22	25	27	32	37	41	
G	144	352939	6985352	11754316	14446085	21486425	23346731	27227912	155409630	206399945	
G	145	8	11	12	22	25	27	32	37	41	
G	145	456333	7066399	11993335	14781449	21818791	23733505	27698780	156538893	207266719	
G	146	8	11	12	22	25	27	32	37	41	
G	146	594961	7410455	12191056	15108652	22351074	24285238	28506628	158233609	209009923	
G	147	8	11	12	22	25	27	32	37	41	
G	147	508122	7176979	12119950	15013775	22018242	24023304	28209450	157718723	207717462	
G	148	8	11	12	22	25	27	32	37	41	
G	148	538290	7190483	12174227	15080318	22120071	24133615	28347813	157197236	206663593	
G	149	8	11	12	22	25	27	32	37	41	
G	149	641616	7455625	12421513	15356184	22534223	24578406	28850638	157572766	206849663	
G	150	8	11	12	22	25	27	32	37	41	
G	150	860321	8977432	15811741	19735415	28943478	32196267	38493261	168730796	208174802	
C	0	11	12	22	25	27	32	37	
C	0	3906194	5015177	5015181	10370160	11773909	117360381	263397722	
C	1	11	12	25	27	32	37	
C	1	2063151	2801403	6248476	7263197	86063490	202575925	
C	2	11	12	22	25	27	32	37	
C	2	1570181	2495679	2621151	5576995	6748241	19533462	217892866	
C	3	11	12	22	25	27	32	37	
C	3	1437359	2341704	2580027	5354333	6400124	10999026	227885692	
C	4	11	12	22	25	27	32	37	41	
C	4	1576433	2268941	2652641	5703733	6345107	9020551	241179849	241179850	
C	5	11	12	22	25	27	32	37	41	
C	5	1120034	1696707	2029393	4303955	4869218	6928077	120082452	195724602	
C	6	11	12	22	25	27	32	37	41	
C	6	1182651	1643465	1946786	4372148	4851950	6581738	125145844	199866847	
C	7	11	12	22	25	27	32	37	41	
C	7	1315075	1814973	2168499	4933180	5492562	7295797	143927383	219289761	
C	8	11	12	22	25	27	32	37	41	
C	8	1105552	1617648	1989451	4290534	4839478	6550089	124618207	204439063	
C	9	11	12	22	25	27	32	37	41	
C	9	1172640	1624792	1961876	4447543	4978481	6622822	126852047	203977291	
C	10	11	12	22	25	27	32	37	41	
C	10	1074597	1504361	1815682	4153759	4641301	6180872	126069601	200856858	
C	11	11	12	22	25	27	32	37	41	
C	11	1170750	1620683	1964556	4463434	4994090	6592966	130855958	211813365	
C	12	11	12	22	25	27	32	37	41	
C	12	1286709	1764712	2116895	4903066	5456696	7131680	142655833	227783631	
C	13	11	12	22	25	27	32	37	41	
C	13	1171887	1745315	2190507	4753303	5423652	7309257	136708980	237593854	
C	14	11	12	22	25	27	32	37	41	
C	14	1208201	1653902	2062649	4640801	5239253	6542942	131679844	206182676	
C	15	11	12	22	25	27	32	37	41	
C	15	1464135	2027157	2534497	5648334	6398313	8168656	148407504	246625499	
C	16	11	12	22	25	27	32	37	41	
C	16	1140647	1614882	2022430	4478591	5090276	6580856	123106326	200088584	
C	17	11	12	22	25	27	32	37	41	
C	17	900955	1318353	1647387	3511243	4006383	5125719	91615231	150477901	
C	18	11	12	22	25	27	32	37	41	
C	18	1100407	1560031	1952425	4308078	4878044	6316473	106222512	175125239	
C	19	11	12	22	25	27	32	37	41	
C	19	1223824	1687989	2085057	4560651	5145222	6572231	104222996	172294153	
C	20	11	12	22	25	27	32	37	41	
C	20	1779508	2921608	3860920	7271474	8585649	11209477	142254205	209367401	
C	21	11	12	22	25	27	32	37	41	
C	21	1197569	1634161	2061910	4480277	5088955	6428237	106565457	174385395	
C	22	11	12	22	25	27	32	37	41	
C	22	1148159	1541479	1896106	4203163	4725632	5900145	99410417	163921574	
C	23	11	12	22	25	27	32	37	41	
C	23	1227597	1711536	2142500	4639334	5278792	6588185	102531504	167818265	
C	24	11	12	22	25	27	32	37	41	
C	24	1266144	1753317	2169135	4697747	5333764	6526823	100564872	165474091	
C	25	11	12	22	25	27	32	37	41	
C	25	1362941	1920970	2309864	4687632	5331405	6349113	100389688	165401739	
C	26	11	12	22	25	27	32	37	41	
C	26	1552708	2238621	2730842	5460316	6210692	7365261	104539342	171519555	
C	27	11	12	22	25	27	32	37	41	
C	27	1426042	2046683	2518809	4976878	5699385	6762863	103361515	169842240	
C	28	11	12	22	25	27	32	37	41	
C	28	2165988	3864068	5063141	8618951	10439322	12829357	142785573	207089814	
C	29	11	12	22	25	27	32	37	41	
C	29	1505036	2247384	2799864	5394235	6157966	7327669	103308135	169146408	
C	30	11	12	22	25	27	32	37	41	
C	30	2075845	3637685	4764322	8184210	9859492	12073025	140919880	205944200	
C	31	11	12	22	25	27	32	37	41	
C	31	1530914	2332873	2929745	5536337	6376504	7632984	105720517	171991941	
C	32	11	12	22	25	27	32	37	41	
C	32	2174774	4053677	5364740	8870585	10803955	13301448	144240089	208260239	
C	33	11	12	22	25	27	32	37	41	
C	33	1567381	2282903	2856226	5422648	6208643	7427080	104710849	170780188	
C	34	11	12	22	25	27	32	37	41	
C	34	1684746	2519888	3136817	5876768	6757154	8063701	106050115	172055698	
C	35	11	12	22	25	27	32	37	41	
C	35	2173458	3936609	5164887	8623103	10407454	12761554	141332890	204946098	
C	36	11	12	22	25	27	32	37	41	
C	36	1756071	2625589	3294935	6094046	7004435	8331759	105794360	171648696	
C	37	11	12	22	25	27	32	37	41	
C	37	1640054	2460278	3079564	5698824	6588033	7868326	106117311	171986614	
C	38	11	12	22	25	27	32	37	41	
C	38	1682064	2564294	3206519	5938002	6835500	8159218	104925826	170123426	
C	39	11	12	22	25	27	32	37	41	
C	39	1700834	2615649	3238241	5981410	6871591	8154453	106043660	171807311	
C	40	11	12	22	25	27	32	37	41	
C	40	2346774	4212360	5490546	9110109	10989799	13425400	143758527	207822000	
C	41	11	12	22	25	27	32	37	41	
C	41	1893625	2822425	3501011	6428599	7348219	8697573	106677197	172116786	
C	42	11	12	22	25	27	32	37	41	
C	42	2428454	4310797	5595071	9283378	11153631	13572725	144565003	208819810	
C	43	11	12	22	25	27	32	37	41	
C	43	2371054	4421705	5787964	9344914	11314669	13844308	142708686	205157192	
C	44	11	12	22	25	27	32	37	41	
C	44	1826630	2823397	3538983	6397257	7336245	8730752	104463558	168660876	
C	45	11	12	22	25	27	32	37	41	
C	45	1791940	2709541	3363588	6088980	6996597	8301708	105548421	170917224	
C	46	11	12	22	25	27	32	37	41	
C	46	1973484	2991469	3714041	6690334	7683555	9114143	108671888	174619024	
C	47	11	12	22	25	27	32	37	41	
C	47	2563675	4421228	5687557	9562927	11367710	13712529	142112200	206287545	
C	48	11	12	22	25	27	32	37	41	
C	48	1905853	3030616	3772176	6699885	7683089	9090341	106062329	170364268	
C	49	11	12	22	25	27	32	37	41	
C	49	2548334	4830500	6317155	10089002	12239704	14932624	143574789	204347019	
C	50	11	12	22	25	27	32	37	41	
C	50	2195452	3353125	4188299	7425306	8547039	10123212	117262583	182511897	
C	51	11	12	22	25	27	32	37	41	
C	51	2079906	3238522	4031434	7080415	8184056	9689214	107730486	172680387	
C	52	11	12	22	25	27	32	37	41	
C	52	2229636	3432976	4242032	7448654	8588536	10113595	117363151	183060396	
C	53	11	12	22	25	27	32	37	41	
C	53	2175425	3379834	4183821	7368569	8503269	10021409	114926504	180201162	
C	54	11	12	22	25	27	32	37	41	
C	54	2122830	3345062	4152545	7218051	8354372	9869662	106977148	171731228	
C	55	11	12	22	25	27	32	37	41	
C	55	2119809	3376513	4206910	7270905	8439006	9995895	108165547	173018126	
C	56	11	12	22	25	27	32	37	41	
C	56	2188403	3435072	4269006	7330037	8502990	10090710	109138395	174573825	
C	57	11	12	22	25	27	32	37	41	
C	57	2312696	3729404	4609219	7879384	9106230	10741309	117334833	182155971	
C	58	11	12	22	25	27	32	37	41	
C	58	2227781	3464839	4283664	7514694	8648416	10189877	105696181	169380120	
C	59	11	12	22	25	27	32	37	41	
C	59	2151026	3451916	4289624	7314420	8487364	10078089	106934279	170286343	
C	60	11	12	22	25	27	32	37	41	
C	60	2964102	4948112	6215877	10162460	12007473	14381630	141669990	206118797	
C	61	11	12	22	25	27	32	37	41	
C	61	2258115	3639264	4544874	7779169	9033977	10789896	109418491	172784932	
C	62	11	12	22	25	27	32	37	41	
C	62	3608484	5516189	6716943	11923128	13689809	15933981	142658962	206867216	
C	63	11	12	22	25	27	32	37	41	
C	63	2126168	3433884	4287811	7283826	8431279	10071667	106789494	170417442	
C	64	11	12	22	25	27	32	37	41	
C	64	2155162	3491691	4387513	7390722	8607689	10343547	106114647	168842407	
C	65	11	12	22	25	27	32	37	41	
C	65	1883818	3254168	4136799	6673956	7893189	9692821	106809517	169452806	
C	66	11	12	22	25	27	32	37	41	
C	66	2316646	3724390	4632446	7829476	9072405	10895524	108419207	172155438	
C	67	11	12	22	25	27	32	37	41	
C	67	2452165	3839653	4738179	7841561	9086688	10991308	108640964	171622533	
C	68	11	12	22	25	27	32	37	41	
C	68	8070106	10238655	11587786	19011845	20911539	23649667	143346116	207393679	
C	69	11	12	22	25	27	32	37	41	
C	69	3926794	6015103	7336820	13098058	14955567	17605475	141589890	205727507	
C	70	11	12	22	25	27	32	37	41	
C	70	2609199	4005219	4916031	8521752	9720328	11700735	107659445	170932400	
C	71	11	12	22	25	27	32	37	41	
C	71	2718344	4310532	5296258	8682152	10016079	12129635	109031954	171340117	
C	72	11	12	22	25	27	32	37	41	
C	72	7132245	9293608	10693436	19006134	20914885	23736503	142092069	205863731	
C	73	11	12	22	25	27	32	37	41	
C	73	2497228	4035426	5005014	8320861	9613775	11711702	106353009	167948027	
C	74	11	12	22	25	27	32	37	41	
C	74	2834013	4435314	5428170	8891730	10236035	12335118	107903173	169695589	
C	75	11	12	22	25	27	32	37	41	
C	75	9980230	11483040	13305124	22710368	24673648	29744137	148593680	205214036	
C	76	11	12	22	25	27	32	37	41	
C	76	2597410	3771073	4818208	8192700	9450002	12386746	111259569	171502443	
C	77	11	12	22	25	27	32	37	41	
C	77	2629021	3723236	4576180	7839436	8917705	11131816	108805567	172026882	
C	78	11	12	22	25	27	32	37	41	
C	78	8401400	10079945	11255743	20082706	21677700	24410567	139740848	204460506	
C	79	11	12	22	25	27	32	37	41	
C	79	2614251	3760513	4565800	7978062	8983401	10867602	104757853	168370382	
C	80	11	12	22	25	27	32	37	41	
C	80	2432561	3620426	4432438	7623239	8651430	10542790	105004615	168868004	
C	81	11	12	22	25	27	32	37	41	
C	81	2290830	3438529	4246234	7221781	8178583	10068255	106373282	171386185	
C	82	11	12	22	25	27	32	37	41	
C	82	1992248	3244003	4110810	6661160	7668153	9634941	106392434	170769322	
C	83	11	12	22	25	27	32	37	41	
C	83	2306130	3575794	4447829	7469630	8456301	10373708	104727677	168481995	
C	84	11	12	22	25	27	32	37	41	
C	84	2375134	3632246	4523414	7575015	8574829	10547474	105296896	169195485	
C	85	11	12	22	25	27	32	37	41	
C	85	2127767	3399359	4297515	6939930	7917339	9898280	105327408	169082507	
C	86	11	12	22	25	27	32	37	41	
C	86	2285109	3642392	4579750	7443708	8454163	10468890	107198471	171445454	
C	87	11	12	22	25	27	32	37	41	
C	87	2515823	3883941	4855316	8165250	9218156	11259458	106658156	170418787	
C	88	11	12	22	25	27	32	37	41	
C	88	2510848	4595111	5709103	9022930	10197854	12266375	106897811	169917031	
C	89	11	12	22	25	27	32	37	41	
C	89	2495481	4606532	5757682	9034537	10250371	12349506	106159163	168741454	
C	90	11	12	22	25	27	32	37	41	
C	90	2525697	4728384	5928076	9230197	10441696	12575010	108311485	171867070	
C	91	11	12	22	25	27	32	37	41	
C	91	2568873	4878947	6133113	9479195	10649614	12777536	108781270	172454183	
C	92	11	12	22	25	27	32	37	41	
C	92	2565485	4954958	6287788	9627866	10755434	12885329	108491497	171849722	
C	93	11	12	22	25	27	32	37	41	
C	93	2568262	4971686	6326728	9663139	10736269	12838625	107454749	170234345	
C	94	11	12	22	25	27	32	37	41	
C	94	2647976	5226750	6678987	10096947	11189789	13365310	108259296	170639253	
C	95	11	12	22	25	27	32	37	41	
C	95	2671372	5139873	6634429	10075723	11135881	13365045	108662146	171478645	
C	96	11	12	22	25	27	32	37	41	
C	96	2718182	5397010	6937843	10415572	11497580	13753055	109908354	172837510	
C	97	11	12	22	25	27	32	37	41	
C	97	2707365	5337821	6884681	10359765	11448393	13718482	108611534	170737521	
C	98	11	12	22	25	27	32	37	41	
C	98	2693028	5443216	7028975	10460433	11549892	13849143	107655955	169164598	
C	99	11	12	22	25	27	32	37	41	
C	99	2720887	5426062	6992568	10433290	11532582	13867015	108452335	170230358	
C	100	11	12	22	25	27	32	37	41	
C	100	2720214	5465074	7047280	10478938	11591086	13967107	109192615	171127482	
C	101	11	12	22	25	27	32	37	41	
C	101	2764974	5541501	7191578	10679462	11836238	14277208	110326021	172508100	
C	102	11	12	22	25	27	32	37	41	
C	102	2770265	5551225	7178179	10674229	11819716	14268678	109805339	171556771	
C	103	11	12	22	25	27	32	37	41	
C	103	2765766	5603937	7250259	10748769	11917085	14389730	109068735	170017606	
C	104	11	12	22	25	27	32	37	41	
C	104	2812642	5776531	7492261	11023844	12186124	14690462	108902038	169736608	
C	105	11	12	22	25	27	32	37	41	
C	105	2851589	5884714	7634588	11208134	12397227	14934970	110132211	171392768	
C	106	11	12	22	25	27	32	37	41	
C	106	2919354	6033824	7822910	11474292	12711251	15330562	111769388	173266480	
C	107	11	12	22	25	27	32	37	41	
C	107	2943934	6091454	7933661	11615914	12881879	15547604	110968517	171630620	
C	108	11	12	22	25	27	32	37	41	
C	108	2918469	6043255	7896376	11543622	12787234	15431277	109867023	170238782	
C	109	11	12	22	25	27	32	37	41	
C	109	2883811	5984207	7794500	11372416	12616840	15273193	110204797	170734823	
C	110	11	12	22	25	27	32	37	41	
C	110	2851158	5956845	7780043	11325422	12581174	15267801	109961260	170061751	
C	111	11	12	22	25	27	32	37	41	
C	111	2937162	6322176	8302477	11944217	13260692	16069708	111933028	172141516	
C	112	11	12	22	25	27	32	37	41	
C	112	2933880	6300773	8299874	11942379	13290436	16184133	111721125	171321993	
C	113	11	12	22	25	27	32	37	41	
C	113	2932319	6212990	8160456	11805522	13119865	15961017	110314810	169591947	
C	114	11	12	22	25	27	32	37	41	
C	114	2978299	6401054	8408948	12080972	13428046	16301836	110816531	170007309	
C	115	11	12	22	25	27	32	37	41	
C	115	2922364	6281230	8266582	11858757	13199563	16081044	110575429	169537654	
C	116	11	12	22	25	27	32	37	41	
C	116	2970228	6407487	8429587	12078605	13440700	16367935	112161400	171552954	
C	117	11	12	22	25	27	32	37	41	
C	117	3015699	6403460	8449124	12161282	13551619	16506072	112624018	171962826	
C	118	11	12	22	25	27	32	37	41	
C	118	3015243	6403025	8444343	12174161	13555532	16507076	111502265	170113096	
C	119	11	12	22	25	27	32	37	41	
C	119	3093909	6514839	8579101	12373977	13762084	16742858	111784037	170382881	
C	120	11	12	22	25	27	32	37	41	
C	120	3092704	6618099	8728419	12526088	13939674	16962108	112366251	170722593	
C	121	11	12	22	25	27	32	37	41	
C	121	3127070	6688994	8896555	12711398	14189446	17326409	114244214	172812648	
C	122	11	12	22	25	27	32	37	41	
C	122	3077037	6743021	8972796	12724621	14184780	17345476	113635043	171546060	
C	123	11	12	22	25	27	32	37	41	
C	123	3097743	6783968	9040458	12860150	14345953	17510991	112541164	169565614	
C	124	11	12	22	25	27	32	37	41	
C	124	3212864	6951683	9232477	13161228	14664424	17892900	113401603	170476174	
C	125	11	12	22	25	27	32	37	41	
C	125	3191975	7014067	9333957	13234521	14757302	18032876	113825763	170744310	
C	126	11	12	22	25	27	32	37	41	
C	126	3253691	7135168	9504989	13466940	15025383	18373270	115635101	173027191	
C	127	11	12	22	25	27	32	37	41	
C	127	3237296	7186418	9596489	13547266	15121444	18468801	115202066	171967947	
C	128	11	12	22	25	27	32	37	41	
C	128	3217254	7247068	9657861	13586112	15181722	18494700	114264928	170600984	
C	129	11	12	22	25	27	32	37	41	
C	129	3275886	7296049	9705866	13690884	15303266	18627651	114437102	170690361	
C	130	8	11	12	22	25	27	32	37	41	
C	130	21807	3351498	7562959	10053577	14112036	15801747	19195610	116100289	172318995	
C	131	8	11	12	22	25	27	32	37	41	
C	131	65134	3452092	7622839	10189251	14317953	16051014	19539594	117008762	173339952	
C	132	8	11	12	22	25	27	32	37	41	
C	132	44162	3485444	7796823	10320480	14522657	16256762	19716168	116419434	172370405	
C	133	8	11	12	22	25	27	32	37	41	
C	133	65254	3541945	7763725	10222179	14490250	16199677	19605801	114726662	169982412	
C	134	8	11	12	22	25	27	32	37	41	
C	134	88157	3551757	7791429	10226434	14426006	16139270	19552176	114953051	170160529	
C	135	8	11	12	22	25	27	32	37	41	
C	135	66331	3455418	7930138	10427423	14524208	16305050	19779632	116143814	171028710	
C	136	8	11	12	22	25	27	32	37	41	
C	136	70168	3527377	8003009	10603170	14777285	16592125	20188372	117448103	172381780	
C	137	8	11	12	22	25	27	32	37	41	
C	137	113874	3564551	8065102	10639326	14825602	16619377	20213184	117139295	171240504	
C	138	8	11	12	22	25	27	32	37	41	
C	138	114352	3585212	8162127	10661061	14906526	16681166	20235726	116233281	170077753	
C	139	8	11	12	22	25	27	32	37	41	
C	139	153917	3706176	8337003	10898408	15192478	16969779	20583766	117169879	170612661	
C	140	8	11	12	22	25	27	32	37	41	
C	140	193848	3753835	8450214	11083197	15395869	17187387	20906632	118148651	171233567	
C	141	8	11	12	22	25	27	32	37	41	
C	141	199929	3902646	8769287	11467586	15952255	17800729	21627643	119614029	172479766	
C	142	8	11	12	22	25	27	32	37	41	
C	142	307131	4056816	8882945	11638152	16176081	18057497	21960782	119656504	172068643	
C	143	8	11	12	22	25	27	32	37	41	
C	143	350061	4066565	8909824	11609053	16134675	17976330	21877604	118320594	170024032	
C	144	8	11	12	22	25	27	32	37	41	
C	144	369649	4066306	8927569	11656355	16116538	17994112	21938473	118951954	170768022	
C	145	8	11	12	22	25	27	32	37	41	
C	145	460265	4126186	9132724	11961684	16417478	18358699	22392550	119680179	170972689	
C	146	8	11	12	22	25	27	32	37	41	
C	146	616986	4394565	9308803	12309904	16863999	18817519	23111422	120919810	171983149	
C	147	8	11	12	22	25	27	32	37	41	
C	147	512226	4248321	9355156	12318399	16812853	18834523	23065719	120582085	171112059	
C	148	8	11	12	22	25	27	32	37	41	
C	148	541630	4255999	9377328	12332735	16834459	18855618	23084945	120135775	170362987	
C	149	8	11	12	22	25	27	32	37	41	
C	149	639427	4479587	9567210	12550090	17184372	19245276	23535926	120802727	171024861	
C	150	8	11	12	22	25	27	32	37	41	
C	150	843369	5246880	12186151	16193028	21908194	25212608	31576198	131711783	171547597	
N	0	2	
N	0	2069742	
N	1	2	
N	1	110602	
N	2	
N	2	
N	3	2	
N	3	41657	
N	4	2	
N	4	263	
N	5	2	
N	5	253	
N	6	2	
N	6	104	
N	7	2	
N	7	8525	
N	8	2	
N	8	7604	
N	9	
N	9	
N	10	2	
N	10	3391	
N	11	
N	11	
N	12	
N	12	
N	13	
N	13	
N	14	2	
N	14	887	
N	15	2	
N	15	2244	
N	16	2	
N	16	16414	
N	17	2	
N	17	29	
N	18	2	
N	18	2655	
N	19	2	
N	19	15	
N	20	2	
N	20	1728	
N	21	2	
N	21	245	
N	22	
N	22	
N	23	2	
N	23	9046	
N	24	2	
N	24	7	
N	25	2	
N	25	98	
N	26	2	
N	26	15704	
N	27	
N	27	
N	28	2	
N	28	6685	
N	29	2	
N	29	17297	
N	30	2	
N	30	5511	
N	31	2	
N	31	464	
N	32	2	
N	32	388	
N	33	2	
N	33	6817	
N	34	2	
N	34	98	
N	35	2	
N	35	12391	
N	36	2	
N	36	12312	
N	37	2	
N	37	22857	
N	38	
N	38	
N	39	2	
N	39	8511	
N	40	2	
N	40	8369	
N	41	
N	41	
N	42	2	
N	42	47	
N	43	2	
N	43	7497	
N	44	2	
N	44	497	
N	45	2	
N	45	883	
N	46	2	
N	46	217	
N	47	2	
N	47	43	
N	48	2	
N	48	17437	
N	49	2	
N	49	48	
N	50	2	
N	50	197	
N	51	2	
N	51	72	
N	52	2	
N	52	1579	
N	53	2	
N	53	121	
N	54	2	
N	54	6842	
N	55	2	
N	55	48	
N	56	2	
N	56	35125	
N	57	2	
N	57	180	
N	58	2	
N	58	6090	
N	59	2	
N	59	10223	
N	60	2	
N	60	2363	
N	61	2	
N	61	2462	
N	62	2	
N	62	24226	
N	63	2	
N	63	1497	
N	64	2	
N	64	2575	
N	65	2	
N	65	1147	
N	66	2	
N	66	2010	
N	67	2	
N	67	4392	
N	68	2	
N	68	2795	
N	69	2	
N	69	1535	
N	70	2	
N	70	36	
N	71	2	
N	71	158	
N	72	
N	72	
N	73	
N	73	
N	74	
N	74	
N	75	2	
N	75	325	
N	76	2	
N	76	1335	
N	77	2	
N	77	1413	
N	78	
N	78	
N	79	2	
N	79	6732	
N	80	2	
N	80	12549	
N	81	2	
N	81	1338	
N	82	
N	82	
N	83	2	
N	83	6331	
N	84	
N	84	
N	85	2	
N	85	6600	
N	86	2	
N	86	1605	
N	87	
N	87	
N	88	2	
N	88	235	
N	89	2	
N	89	8303	
N	90	2	
N	90	2001	
N	91	2	
N	91	2318	
N	92	2	
N	92	11671	
N	93	2	
N	93	1546	
N	94	
N	94	
N	95	2	
N	95	12820	
N	96	2	
N	96	37	
N	97	
N	97	
N	98	2	
N	98	5849	
N	99	
N	99	
N	100	2	
N	100	5079	
N	101	
N	101	
N	102	2	
N	102	7455	
N	103	2	
N	103	18483	
N	104	2	
N	104	10947	
N	105	
N	105	
N	106	
N	106	
N	107	2	
N	107	461	
N	108	2	
N	108	10233	
N	109	
N	109	
N	110	2	
N	110	13387	
N	111	2	
N	111	1156	
N	112	
N	112	
N	113	2	
N	113	41411	
N	114	2	
N	114	12	
N	115	
N	115	
N	116	2	
N	116	170	
N	117	2	
N	117	1600	
N	118	
N	118	
N	119	2	
N	119	112	
N	120	2	
N	120	8558	
N	121	2	
N	121	21408	
N	122	2	
N	122	14733	
N	123	
N	123	
N	124	2	
N	124	8651	
N	125	2	
N	125	25	
N	126	2	
N	126	6217	
N	127	2	
N	127	5930	
N	128	
N	128	
N	129	2	
N	129	29	
N	130	2	
N	130	1230	
N	131	
N	131	
N	132	2	
N	132	685	
N	133	
N	133	
N	134	2	
N	134	12776	
N	135	2	
N	135	134	
N	136	2	
N	136	132	
N	137	2	
N	137	8	
N	138	2	
N	138	41	
N	139	
N	139	
N	140	
N	140	
N	141	2	
N	141	4954	
N	142	2	
N	142	56	
N	143	2	
N	143	13011	
N	144	2	
N	144	795	
N	145	2	
N	145	20417	
N	146	2	
N	146	554	
N	147	2	
N	147	3188	
N	148	2	
N	148	961	
N	149	2	
N	149	97	
N	150	2	
N	150	3542	
